0.142634	
0.068123	
0.086816	
-0.230465	
0.185694	
0.238121	
-0.003003	
-0.258669	
0.184447	
-0.124694	
-0.056394	
-0.107306	
-0.130017	
0.024176	
-0.074721	
-0.163456	
0.083388	
-0.032269	
-0.037768	
0.014581	
-0.100752	
-0.013344	
-0.061057	
-0.096961	
0.046538	
-0.014458	
0.044083	
0.267907	
0.209209	
-0.246453	
0.144289	
0.148083	
0.065654	
-0.236103	
-0.299763	
-0.195367	
0.075786	
-0.175543	
0.204919	
0.134650	
-0.038912	
0.045566	
0.094394	
-0.042827	
0.027967	
0.286326	
-0.053926	
0.025056	
0.007869	
-0.017544	
0.181000	
-0.132083	
0.114254	
0.143337	
-0.254241	
0.023847	
0.120868	
0.201346	
-0.115802	
-0.220134	
-0.206341	
0.079939	
0.008644	
-0.047194	
0.004742	
0.071591	
-0.199246	
0.141444	
0.112254	
0.140514	
0.120170	
-0.041618	
0.276302	
-0.038319	
0.013498	
0.006299	
0.248680	
0.202024	
-0.104422	
-0.150258	
0.019287	
-0.057777	
-0.216136	
-0.091490	
0.164377	
0.060755	
0.167248	
0.031770	
0.034888	
0.006508	
0.136430	
-0.160817	
-0.066195	
0.154078	
-0.033012	
-0.123749	
-0.125030	
0.174339	
0.309928	
-0.065788	
0.189939	
-0.107697	
0.201102	
-0.121150	
0.074277	
0.000929	
0.178301	
0.216405	
0.043367	
0.023758	
0.053788	
-0.082123	
0.040779	
0.199666	
0.124998	
-0.145617	
0.125586	
-0.020098	
0.188738	
0.226733	
0.171635	
-0.093707	
0.091495	
0.029257	
-0.216357	
0.146415	
0.142028	
-0.200843	
-0.121027	
-0.250820	
-0.269357	
-0.177346	
0.043663	
-0.032883	
0.163982	
-0.107465	
-0.137628	
-0.176370	
-0.220487	
0.049691	
-0.257010	
-0.006168	
0.019649	
-0.079330	
0.012275	
0.121444	
-0.089504	
0.023409	
-0.107520	
0.106219	
-0.179756	
-0.384737	
-0.045333	
-0.128726	
0.161938	
-0.121504	
-0.223833	
0.086100	
-0.063958	
0.061009	
-0.221972	
-0.061398	
0.155602	
0.142470	
-0.033108	
-0.173885	
0.096678	
-0.016620	
0.013803	
0.052720	
0.198099	
-0.040980	
0.200473	
-0.212256	
-0.045300	
0.013173	
-0.253568	
0.089416	
-0.030901	
0.108398	
-0.070126	
-0.171638	
0.078641	
0.029677	
0.077075	
0.104425	
-0.197423	
-0.100351	
-0.001629	
0.033421	
0.212656	
-0.290265	
0.226094	
-0.028134	
-0.141721	
-0.148883	
0.038041	
0.074814	
-0.007711	
-0.025851	
0.104840	
-0.182092	
-0.055637	
-0.058090	
0.024960	
0.078198	
0.085528	
-0.165229	
-0.134632	
0.085529	
0.169601	
0.292510	
-0.148055	
0.003526	
-0.035395	
-0.043440	
0.224689	
0.110404	
-0.061332	
0.104362	
-0.081650	
-0.304972	
0.033621	
-0.107242	
0.000982	
0.046695	
-0.078984	
0.084847	
0.214257	
0.120240	
-0.133484	
0.291743	
-0.023428	
-0.079821	
0.047725	
-0.067841	
0.035892	
0.154943	
-0.156711	
0.011648	
0.406831	
-0.224314	
0.127770	
-0.020857	
0.116402	
0.200236	
0.044383	
0.127130	
0.071677	
-0.036727	
-0.129773	
0.165552	
0.022548	
-0.003020	
-0.039774	
0.096249	
-0.110764	
-0.033309	
-0.019696	
-0.034738	
-0.125513	
-0.091251	
-0.186793	
-0.061358	
0.120451	
-0.104086	
0.199913	
0.224544	
-0.087575	
0.201364	
-0.042109	
0.062851	
0.078918	
0.016782	
-0.360928	
-0.078253	
0.157815	
-0.068487	
0.145136	
0.013766	
-0.041267	
0.022593	
-0.234457	
0.426562	
0.010111	
-0.141018	
0.066007	
-0.138225	
0.020979	
0.072767	
0.155548	
-0.213880	
-0.102282	
0.027488	
0.100855	
0.162670	
0.033544	
-0.083913	
0.054866	
-0.293201	
0.100042	
0.133895	
-0.220242	
-0.084875	
-0.224834	
0.048985	
-0.023409	
-0.249106	
-0.099890	
0.094143	
-0.087875	
-0.117533	
-0.024160	
-0.025783	
-0.097051	
-0.040804	
0.140031	
0.039640	
-0.015612	
0.153214	
-0.200559	
-0.043168	
0.038399	
-0.388464	
0.357695	
-0.115080	
0.224808	
-0.165928	
-0.090597	
0.043969	
-0.044089	
0.039188	
-0.178189	
0.257954	
-0.086375	
-0.017566	
0.190846	
-0.077008	
0.114980	
0.020634	
0.048937	
0.197888	
0.052629	
-0.075411	
-0.070936	
0.131926	
-0.005020	
0.068234	
-0.085208	
-0.171461	
-0.029872	
-0.029454	
-0.205040	
-0.020922	
0.010445	
0.003224	
-0.159522	
-0.168527	
0.152919	
-0.205179	
-0.080766	
-0.195314	
-0.006077	
-0.041066	
0.187638	
0.047712	
-0.027112	
0.007883	
-0.237091	
-0.223654	
-0.125251	
0.073503	
0.080790	
0.047026	
-0.404786	
-0.090598	
0.146548	
-0.061354	
0.160224	
-0.068871	
-0.002564	
0.119264	
-0.103801	
0.320834	
-0.037663	
-0.068097	
-0.003254	
-0.068116	
0.011769	
-0.118148	
-0.009103	
-0.238939	
-0.166958	
-0.025321	
0.071818	
0.248303	
-0.020143	
-0.128250	
0.013120	
-0.256096	
0.069703	
0.184593	
-0.117991	
-0.169877	
0.025684	
0.028388	
0.132714	
0.185975	
-0.063402	
0.218179	
-0.166134	
-0.121278	
-0.025215	
0.166562	
-0.065351	
-0.061840	
0.070972	
0.124933	
-0.136687	
0.120176	
0.302179	
0.041301	
0.003254	
0.352757	
-0.011530	
0.160644	
0.059574	
0.103992	
0.059369	
0.039906	
-0.071770	
-0.151070	
0.065063	
-0.127863	
-0.279292	
0.022216	
-0.082623	
0.190781	
0.042327	
0.240185	
0.015192	
-0.013986	
0.097093	
0.280961	
-0.186105	
0.059919	
0.155802	
0.027265	
0.184599	
0.041130	
0.002041	
-0.123119	
0.187140	
0.144723	
0.427932	
-0.127180	
0.138323	
-0.063767	
0.038579	
-0.059243	
-0.085303	
-0.134386	
-0.159385	
-0.103214	
-0.170351	
0.016515	
0.277702	
-0.006218	
-0.013805	
0.097418	
-0.073393	
-0.287123	
-0.327332	
0.117902	
-0.195690	
-0.187108	
-0.033710	
0.048422	
-0.091794	
-0.082576	
-0.071411	
0.057513	
0.057725	
0.113528	
0.103108	
0.008778	
0.049170	
0.125161	
-0.173539	
-0.115501	
-0.090221	
0.224764	
0.028032	
0.049621	
0.106812	
0.115688	
-0.105035	
0.153495	
0.065413	
0.022358	
0.143023	
0.042228	
-0.057678	
0.044347	
0.051818	
0.370648	
-0.155243	
0.132129	
0.062927	
0.150758	
0.022657	
0.185683	
0.096873	
-0.017694	
-0.255032	
-0.003018	
-0.009022	
0.150685	
0.078812	
-0.127076	
-0.110519	
0.015630	
0.101511	
-0.076041	
0.064426	
-0.268023	
-0.048660	
-0.098658	
-0.082283	
0.118256	
0.126625	
-0.014627	
0.107582	
-0.001725	
-0.393446	
-0.156391	
-0.062526	
-0.005753	
0.076888	
-0.290070	
0.173133	
-0.269410	
0.087691	
0.005473	
-0.068073	
-0.091280	
-0.185068	
0.037219	
-0.044673	
0.099653	
-0.214108	
0.021935	
0.079157	
-0.105318	
-0.136142	
0.051788	
0.260908	
-0.043051	
-0.157144	
-0.021327	
0.023830	
-0.146523	
-0.047486	
0.301999	
-0.178750	
0.074426	
-0.369047	
-0.084174	
-0.089586	
-0.097094	
-0.342811	
0.144020	
0.183436	
0.006853	
-0.031797	
-0.021474	
-0.093117	
0.086584	
0.034597	
0.072785	
-0.066103	
-0.052954	
0.116972	
-0.257873	
-0.000054	
0.065935	
-0.183069	
0.223213	
-0.038183	
0.084665	
0.063128	
-0.022284	
0.062315	
-0.122728	
-0.273631	
0.043021	
-0.074194	
-0.112469	
0.022216	
-0.088031	
0.160383	
-0.086194	
-0.215717	
0.160249	
-0.126823	
-0.025531	
0.000989	
-0.031364	
-0.066235	
0.103717	
-0.114429	
-0.027803	
-0.039458	
-0.162652	
-0.405908	
-0.139533	
0.092405	
-0.229641	
0.096349	
0.176371	
-0.033350	
-0.003326	
0.112589	
-0.004618	
0.195435	
-0.142998	
-0.003237	
-0.155517	
0.100002	
-0.154435	
-0.000213	
-0.162368	
-0.063012	
-0.137276	
-0.029785	
0.027636	
-0.144306	
0.191953	
0.089109	
0.089560	
0.032151	
0.121679	
0.286143	
-0.028839	
-0.232796	
-0.140718	
-0.255648	
-0.006930	
0.113525	
-0.167891	
-0.250528	
0.122353	
-0.143802	
-0.154122	
0.194501	
0.147522	
0.063318	
-0.176662	
0.177008	
-0.019236	
-0.150037	
0.030667	
0.033649	
0.204177	
-0.017461	
0.080034	
0.296440	
0.118548	
0.225500	
-0.056113	
0.236582	
0.101129	
-0.150846	
0.076256	
0.192773	
-0.053153	
0.205095	
0.151707	
-0.032103	
0.049859	
-0.006284	
0.131337	
-0.039430	
-0.013354	
0.064623	
0.167663	
-0.169660	
0.155373	
-0.179437	
0.097588	
-0.078446	
0.059052	
0.139961	
0.029204	
0.319046	
-0.078371	
0.069542	
-0.046670	
-0.154526	
0.064763	
0.055925	
0.127834	
-0.327150	
0.068850	
0.001635	
-0.144409	
0.025957	
0.173495	
0.118156	
-0.018029	
-0.046892	
0.053723	
0.226498	
-0.247813	
-0.050933	
0.142517	
0.181878	
0.008731	
0.066232	
0.197375	
-0.092589	
0.035730	
-0.131923	
0.223284	
-0.122487	
-0.259488	
-0.116210	
0.217205	
-0.013940	
0.069764	
-0.046501	
0.122738	
-0.113377	
-0.288392	
0.028173	
0.010940	
-0.075938	
-0.028859	
-0.176462	
0.188766	
-0.205871	
0.126481	
-0.246168	
-0.060834	
-0.205458	
0.036050	
0.027247	
0.063695	
0.042264	
0.011880	
-0.123358	
-0.165452	
0.066563	
-0.006665	
-0.039472	
0.059516	
0.112582	
-0.098937	
-0.061509	
-0.067850	
0.039858	
0.058391	
-0.027062	
0.227926	
-0.269401	
-0.090299	
-0.226099	
0.071012	
-0.100003	
-0.122349	
-0.156431	
0.007312	
0.179750	
-0.092654	
0.006151	
-0.200728	
0.055005	
0.023508	
-0.122716	
0.187684	
0.031070	
0.021339	
-0.168407	
-0.068233	
0.230958	
0.280553	
-0.096526	
0.045669	
0.104868	
-0.347793	
-0.042471	
-0.138561	
0.370942	
-0.103682	
-0.031417	
0.083223	
0.200225	
-0.048517	
-0.026970	
0.086847	
0.124267	
-0.060778	
0.034721	
-0.216423	
0.067412	
0.177526	
0.098262	
-0.189724	
0.120058	
-0.062862	
-0.006721	
-0.136526	
-0.240553	
-0.015608	
-0.030614	
0.167035	
0.060509	
-0.037094	
-0.149551	
0.030778	
0.066361	
0.014256	
-0.033668	
-0.034814	
0.138170	
-0.073978	
0.369248	
-0.185598	
0.131765	
-0.207866	
0.022335	
-0.148630	
0.278288	
0.222262	
0.014385	
-0.012893	
-0.116284	
-0.099431	
-0.002766	
-0.204233	
-0.047581	
-0.247433	
-0.191448	
0.000501	
-0.143458	
0.116601	
-0.252434	
0.023168	
-0.126842	
-0.079273	
0.011917	
0.017970	
-0.058544	
0.179546	
0.052117	
0.140200	
-0.007538	
0.101582	
0.060364	
0.105639	
-0.167134	
0.178803	
-0.199114	
0.041547	
0.037476	
-0.074550	
-0.036961	
0.189261	
-0.008264	
0.052617	
-0.250989	
-0.190176	
0.042102	
-0.071066	
-0.021577	
0.040695	
0.135991	
-0.032260	
0.152147	
0.057626	
0.310009	
0.043764	
-0.483027	
-0.001049	
0.111201	
-0.093583	
0.366384	
0.137070	
0.080870	
0.097240	
-0.078164	
-0.130481	
-0.114147	
0.172994	
0.100474	
0.080841	
0.018456	
0.064793	
0.023432	
-0.068233	
0.118081	
-0.003737	
0.239237	
-0.228897	
0.349801	
0.096275	
-0.055103	
0.149034	
-0.069754	
0.131081	
0.045988	
0.084989	
0.074908	
0.340910	
0.095338	
-0.127857	
-0.192338	
-0.000935	
0.111944	
0.103677	
0.084732	
0.034755	
0.177821	
0.087978	
-0.280229	
-0.177873	
0.083770	
0.063769	
0.091096	
0.101137	
0.025831	
-0.026971	
0.138494	
-0.016207	
-0.125897	
-0.111921	
-0.108018	
0.070730	
-0.065772	
0.021643	
-0.085395	
0.332872	
-0.050825	
0.079564	
-0.040587	
-0.260787	
-0.086709	
-0.108324	
-0.016646	
0.078788	
-0.224823	
0.142511	
0.013658	
0.211247	
0.132769	
-0.000999	
-0.036900	
0.040347	
-0.040112	
0.057019	
-0.273019	
0.011940	
-0.252448	
0.052306	
0.097423	
0.081446	
-0.091044	
-0.208000	
0.113166	
0.198150	
-0.031619	
-0.113431	
-0.290954	
0.074108	
0.128658	
-0.202017	
-0.017997	
0.254726	
0.011163	
-0.257520	
-0.186628	
0.138180	
-0.081900	
0.088001	
-0.011108	
0.040947	
0.160980	
0.008845	
-0.059513	
-0.286132	
-0.052732	
-0.146825	
0.177558	
0.206900	
-0.064592	
-0.065626	
0.024351	
0.084877	
-0.065485	
-0.064137	
-0.049952	
-0.092744	
-0.097525	
-0.166150	
-0.034673	
0.059779	
0.059301	
0.141295	
-0.030960	
0.102749	
-0.318148	
0.316566	
-0.045584	
-0.059167	
0.101405	
0.054019	
-0.057568	
0.206915	
-0.064139	
-0.125405	
-0.019607	
0.026599	
-0.027388	
0.161560	
0.204520	
-0.105396	
-0.033422	
0.101917	
-0.043453	
-0.042959	
0.182039	
-0.150175	
0.048534	
0.168388	
-0.045550	
-0.001398	
0.016623	
-0.304023	
-0.169640	
0.010688	
-0.173074	
0.154861	
-0.046677	
0.084542	
-0.229969	
-0.015386	
-0.282425	
-0.201047	
0.133657	
-0.255357	
-0.008181	
-0.090960	
-0.215844	
0.230371	
-0.175019	
-0.003710	
0.015988	
-0.002599	
-0.069307	
0.080462	
-0.143272	
0.261612	
-0.067395	
0.055861	
0.266392	
-0.142114	
0.003687	
0.355940	
0.134132	
-0.000511	
0.126829	
-0.133278	
0.118311	
0.063317	
-0.044284	
0.050910	
-0.166271	
0.123802	
-0.154362	
0.145835	
-0.137433	
-0.078238	
0.158849	
-0.195674	
0.120727	
-0.074851	
-0.045396	
-0.104901	
0.058584	
0.251971	
-0.040964	
-0.091766	
0.218035	
0.105698	
0.040204	
-0.169306	
0.123073	
-0.130684	
0.198627	
-0.115690	
0.106780	
0.098169	
0.097570	
-0.135275	
-0.060200	
-0.124449	
0.071603	
0.025471	
-0.056915	
0.109187	
-0.189251	
0.282751	
0.137335	
-0.185454	
-0.112386	
-0.006584	
0.068543	
0.206631	
-0.032750	
-0.115938	
0.243231	
0.061593	
-0.188828	
0.169871	
-0.185537	
-0.160325	
0.181737	
-0.181913	
-0.006497	
-0.075520	
-0.003667	
-0.208186	
-0.153898	
0.187946	
-0.038260	
-0.013753	
-0.046710	
0.202030	
-0.247797	
-0.146810	
-0.050686	
0.032726	
-0.039198	
-0.000788	
0.352340	
-0.131313	
0.077918	
-0.070952	
-0.011071	
-0.142367	
-0.131277	
-0.238676	
-0.103801	
-0.041285	
0.116262	
-0.149501	
-0.144044	
0.291888	
-0.170353	
0.051318	
0.119843	
-0.030483	
0.191752	
0.227779	
0.165077	
-0.147552	
0.089459	
-0.049999	
0.092207	
0.021296	
-0.013503	
-0.143043	
0.138153	
0.171135	
-0.160566	
0.101048	
-0.400417	
0.028303	
-0.084382	
0.155623	
-0.045449	
-0.094362	
-0.106706	
-0.123596	
-0.083946	
-0.186548	
0.096200	
-0.001292	
0.151589	
-0.096602	
0.043745	
-0.074127	
-0.153147	
-0.059767	
0.190914	
-0.156438	
-0.034077	
0.079728	
-0.021549	
0.213452	
0.101804	
-0.133426	
-0.096785	
0.082894	
-0.207330	
0.034847	
-0.015245	
-0.027035	
-0.035196	
0.040970	
0.146958	
0.127883	
-0.017839	
-0.200312	
0.066875	
0.144047	
-0.071277	
-0.107635	
0.292805	
-0.113017	
0.050037	
0.333525	
-0.005294	
-0.156803	
-0.273679	
-0.096447	
0.137066	
-0.104264	
0.147471	
0.147993	
-0.176659	
-0.057546	
-0.103068	
-0.021396	
-0.025535	
-0.190455	
0.390906	
0.028669	
0.095459	
-0.075499	
0.132056	
0.077361	
0.057861	
0.028503	
0.100944	
0.004603	
-0.070836	
-0.295026	
-0.090123	
0.062566	
-0.042588	
-0.167783	
-0.250453	
-0.043977	
0.079678	
0.153251	
0.179104	
-0.152767	
-0.016837	
-0.210472	
-0.053680	
0.080391	
-0.025281	
-0.148483	
0.214588	
-0.146860	
-0.026357	
-0.015204	
-0.268632	
0.061437	
-0.175701	
0.146256	
0.203634	
0.035547	
0.322321	
-0.001161	
-0.181493	
-0.143873	
-0.084622	
0.195894	
0.187253	
-0.099538	
-0.217787	
0.165372	
-0.073767	
0.007884	
-0.058261	
0.034035	
0.021648	
0.143939	
0.191216	
-0.005308	
0.166645	
-0.045312	
0.080049	
0.086091	
-0.056329	
0.099387	
0.053381	
-0.232043	
0.052601	
-0.020680	
0.050780	
0.042340	
-0.295274	
0.166350	
-0.085188	
0.162338	
0.130629	
0.015734	
0.236541	
-0.051160	
0.002576	
-0.018358	
0.222987	
0.022292	
-0.180197	
0.008691	
-0.137028	
-0.219292	
-0.103214	
-0.150271	
-0.182554	
0.244135	
0.011172	
0.206405	
0.072457	
0.043040	
0.076394	
-0.277482	
-0.087599	
0.067080	
-0.055926	
-0.099582	
-0.002249	
-0.054427	
-0.088562	
0.136026	
-0.091287	
-0.126940	
0.073348	
-0.085061	
-0.079483	
0.205999	
-0.183985	
-0.112029	
0.242248	
-0.328666	
0.063380	
0.042566	
-0.229973	
0.035647	
0.116167	
-0.194688	
-0.092634	
0.107679	
0.023417	
-0.080102	
0.138446	
0.106609	
-0.124874	
-0.089558	
-0.209839	
0.200276	
-0.139459	
-0.329182	
-0.046944	
0.080920	
0.172578	
0.025808	
0.004035	
0.131061	
-0.031430	
0.083396	
0.094726	
-0.002836	
0.144237	
0.132141	
0.119948	
-0.188638	
0.252158	
0.005666	
0.041790	
-0.057244	
-0.077501	
-0.254146	
-0.136619	
0.033721	
0.087221	
0.022703	
-0.085167	
0.056013	
0.351029	
0.074394	
0.218819	
0.134872	
0.023557	
-0.190119	
-0.085561	
0.152472	
0.096616	
-0.016315	
-0.128959	
0.216836	
0.414842	
-0.175921	
0.158892	
0.117480	
-0.159455	
0.070958	
0.026526	
-0.116872	
-0.039327	
-0.152161	
-0.188682	
0.061127	
0.119839	
0.192688	
-0.026315	
-0.129316	
-0.173405	
0.334271	
-0.030770	
-0.011782	
-0.042954	
-0.241052	
-0.001082	
0.081245	
-0.102598	
-0.022570	
0.145544	
-0.100166	
-0.012078	
-0.137375	
-0.126300	
-0.074768	
0.063431	
0.027629	
0.028933	
0.020873	
-0.118869	
-0.015847	
-0.072403	
0.122290	
-0.263739	
0.080939	
0.255371	
-0.155807	
-0.011177	
0.090970	
-0.041455	
-0.004018	
-0.113973	
0.243024	
0.015622	
-0.350959	
-0.014350	
0.049889	
-0.185624	
-0.086278	
0.029105	
-0.104603	
0.050483	
-0.127293	
0.048457	
-0.158496	
0.185471	
0.210306	
-0.312205	
-0.021516	
-0.276601	
-0.022548	
0.158049	
0.094578	
0.158770	
-0.089093	
-0.104811	
0.183418	
0.006892	
0.119238	
0.131931	
0.126255	
-0.270045	
-0.000755	
-0.016087	
-0.030775	
-0.120428	
-0.135198	
0.031030	
-0.025311	
-0.034865	
0.174005	
0.136998	
0.039044	
0.152864	
-0.089473	
0.109470	
-0.112584	
0.050971	
-0.261483	
-0.065677	
0.233616	
-0.095517	
-0.009859	
-0.025566	
0.051976	
-0.053981	
0.016178	
0.307130	
-0.021128	
-0.061754	
0.022230	
0.080996	
-0.046494	
0.117451	
0.145525	
0.030397	
-0.114292	
-0.057110	
-0.262049	
-0.027528	
0.119483	
-0.210841	
-0.253577	
0.282466	
0.038074	
-0.032324	
-0.163224	
-0.090723	
-0.343129	
-0.021801	
0.071603	
-0.064046	
-0.150628	
-0.022378	
0.122397	
0.031350	
-0.184322	
0.042086	
-0.181215	
-0.004332	
0.022101	
0.330091	
-0.067038	
-0.104764	
0.081066	
-0.162201	
-0.153956	
-0.171633	
-0.097784	
0.120436	
0.403340	
0.224086	
-0.097111	
-0.053379	
-0.065009	
-0.022437	
-0.105324	
-0.230890	
-0.044483	
0.105123	
-0.172626	
-0.005344	
0.098764	
-0.032746	
-0.044740	
0.297154	
-0.263058	
-0.043593	
0.066132	
0.023505	
0.111803	
0.244056	
0.099565	
-0.137646	
0.051070	
0.190632	
-0.157962	
0.154336	
-0.248605	
0.026503	
-0.175209	
0.183145	
0.044270	
-0.071428	
0.068699	
-0.090189	
-0.102008	
-0.065039	
-0.201522	
0.063397	
-0.168795	
0.122875	
0.035445	
0.027098	
-0.089992	
0.037219	
-0.097738	
-0.087433	
0.065862	
0.007147	
-0.017333	
-0.192996	
0.113363	
-0.110371	
-0.045271	
0.001505	
0.039442	
0.213111	
0.160843	
0.230210	
0.407533	
-0.047606	
0.097494	
0.051764	
0.033173	
-0.231631	
-0.270345	
0.149718	
-0.118755	
0.029108	
0.090321	
0.291602	
0.045694	
0.003879	
-0.115079	
-0.072986	
-0.031764	
0.132755	
-0.105033	
-0.114288	
0.065432	
0.248556	
-0.181650	
-0.039777	
0.039300	
0.244017	
-0.176008	
-0.228671	
-0.003549	
-0.035852	
0.046637	
-0.116864	
0.028774	
0.005235	
-0.041780	
-0.109811	
-0.079545	
-0.077389	
-0.134331	
0.185808	
0.037097	
-0.211821	
0.006145	
0.173495	
0.023250	
0.375283	
0.118545	
0.035835	
-0.153803	
0.115215	
-0.099797	
-0.155399	
0.024953	
0.071732	
0.040884	
-0.129108	
0.111406	
0.092819	
0.269334	
0.037653	
0.049733	
0.090153	
-0.083682	
0.130963	
0.043059	
0.065714	
-0.276081	
0.026825	
-0.005533	
-0.099113	
-0.142965	
-0.055521	
0.318777	
0.100095	
0.078442	
-0.186930	
0.051754	
-0.192182	
-0.176326	
-0.154275	
-0.019330	
0.047752	
0.148089	
0.149510	
-0.238109	
0.094206	
-0.024989	
-0.042051	
0.169897	
-0.058388	
0.087753	
0.104338	
0.271964	
0.062969	
0.021439	
0.080572	
-0.034157	
-0.259212	
-0.185640	
-0.104254	
0.309001	
-0.097490	
0.111038	
0.051030	
0.012329	
-0.074336	
-0.162965	
-0.153972	
-0.277844	
-0.109587	
-0.113633	
-0.333082	
-0.057268	
0.044584	
0.076046	
-0.117287	
-0.252607	
0.014340	
0.033182	
-0.051661	
0.097545	
0.051215	
-0.288969	
0.165873	
0.060224	
0.134629	
0.075972	
-0.131565	
0.107698	
-0.061206	
-0.226726	
-0.022671	
0.003437	
0.051055	
-0.012194	
0.003622	
0.185709	
-0.037473	
-0.154899	
-0.094959	
0.058355	
0.154399	
-0.019348	
0.112235	
0.035737	
-0.038251	
-0.153143	
0.045784	
-0.056386	
-0.123072	
0.062952	
0.021646	
-0.138514	
0.331106	
-0.100346	
0.028261	
0.093659	
-0.066643	
-0.051680	
-0.055555	
0.019786	
0.093877	
0.057183	
0.070533	
-0.040401	
0.038492	
-0.052713	
-0.018646	
-0.264060	
-0.130739	
0.296416	
0.076043	
0.106913	
0.000112	
0.253829	
-0.024625	
0.204993	
0.266724	
-0.125781	
0.285657	
-0.103398	
0.109414	
-0.030280	
-0.042515	
-0.443475	
-0.078340	
0.144492	
-0.019152	
0.020513	
0.121363	
-0.040643	
0.191956	
0.086756	
0.084367	
-0.128341	
0.253303	
0.014364	
0.222155	
0.146607	
-0.086932	
-0.161354	
-0.027240	
0.125848	
0.227563	
-0.171809	
-0.110744	
-0.149783	
-0.088072	
0.083148	
-0.008887	
0.217592	
-0.136254	
-0.010110	
-0.008178	
0.117136	
0.004012	
0.102062	
0.056906	
0.187610	
-0.080634	
0.117892	
0.029694	
-0.101932	
0.032046	
0.042859	
-0.128778	
0.132184	
-0.058851	
-0.284117	
0.299450	
-0.042990	
-0.085598	
0.211245	
0.187244	
0.335600	
0.054985	
-0.046957	
-0.017160	
0.146252	
0.011039	
0.270472	
-0.053644	
0.142615	
-0.021126	
-0.088449	
-0.003399	
0.039255	
-0.071751	
-0.073128	
0.228277	
0.044603	
-0.089925	
0.162905	
0.238255	
0.104424	
0.102727	
-0.030580	
-0.125219	
0.051707	
0.003291	
-0.132739	
-0.144269	
-0.040901	
-0.196748	
0.071800	
0.026784	
-0.191446	
0.093844	
0.028145	
0.033386	
-0.121165	
-0.041905	
0.009628	
-0.254053	
-0.146104	
0.331807	
-0.095245	
-0.013150	
-0.016455	
-0.319287	
0.171691	
-0.184666	
0.123206	
-0.174716	
-0.197758	
0.195989	
0.062804	
0.052863	
-0.217650	
0.226937	
0.122002	
0.030253	
-0.321236	
-0.277960	
0.185686	
-0.024745	
0.052955	
0.262596	
-0.108550	
-0.040057	
0.059880	
0.275102	
0.067661	
0.048595	
-0.013583	
-0.134320	
0.260240	
-0.079611	
-0.106683	
0.027971	
-0.065508	
0.171211	
0.034174	
0.076024	
-0.147215	
0.006701	
-0.023115	
-0.096970	
-0.053507	
0.040171	
0.073878	
0.001390	
-0.046258	
0.031262	
0.076550	
0.143932	
-0.210938	
0.268042	
-0.267103	
-0.054195	
-0.215120	
-0.057455	
0.063750	
0.059119	
-0.088623	
0.175349	
0.008717	
0.053246	
-0.200595	
0.246838	
-0.341830	
0.002318	
-0.247626	
-0.114035	
-0.097887	
0.250653	
0.189968	
0.195226	
0.004934	
-0.029946	
0.053665	
-0.012259	
0.031549	
-0.093199	
-0.001795	
0.021350	
0.106573	
0.091326	
-0.007447	
0.022744	
0.248774	
0.025477	
-0.118558	
0.126299	
-0.165912	
0.069772	
0.254121	
0.008825	
-0.158952	
-0.231657	
-0.060019	
0.074159	
0.432220	
-0.078443	
-0.092883	
0.069541	
-0.118279	
0.035607	
0.011768	
-0.067550	
0.193001	
-0.041566	
0.064002	
0.076212	
0.059149	
-0.039928	
0.017194	
0.019815	
-0.090787	
0.120584	
-0.029810	
0.075079	
-0.365890	
0.165333	
0.220630	
0.152457	
-0.151175	
0.176744	
0.136399	
-0.046901	
-0.092531	
-0.279713	
0.050453	
0.009811	
-0.008003	
-0.052199	
-0.188205	
-0.197447	
0.017281	
0.178707	
-0.021504	
-0.028592	
-0.046360	
-0.178057	
-0.026772	
-0.179837	
0.057402	
-0.005996	
-0.115730	
0.070447	
-0.061960	
-0.073692	
-0.059423	
0.124865	
-0.100013	
-0.082992	
-0.009168	
0.082090	
-0.313241	
-0.234387	
0.015508	
-0.001198	
-0.063727	
-0.086405	
0.297305	
0.013711	
0.033417	
0.087747	
-0.260438	
-0.280545	
-0.055158	
-0.147953	
0.064106	
0.180602	
-0.005735	
0.059182	
0.128976	
-0.074483	
0.121750	
-0.162626	
-0.006809	
0.256839	
0.035458	
-0.001186	
0.236323	
0.088546	
0.197494	
-0.055865	
0.293261	
0.070757	
-0.064408	
0.325712	
0.182655	
-0.027805	
-0.040543	
-0.090276	
-0.005141	
-0.140798	
0.046289	
-0.038201	
0.100482	
-0.026726	
-0.026797	
0.000873	
-0.235353	
-0.222879	
0.012747	
0.176022	
-0.020856	
-0.160161	
-0.115209	
-0.208438	
-0.098552	
0.065681	
0.141840	
0.055083	
-0.260056	
0.090757	
0.085686	
0.094520	
0.034540	
-0.243487	
-0.146533	
0.153173	
-0.096165	
-0.016974	
-0.036065	
0.066918	
0.256036	
0.038672	
0.178872	
0.169633	
-0.165836	
0.014753	
-0.231882	
-0.056238	
-0.017508	
0.331846	
0.075540	
-0.227799	
0.071372	
0.187797	
0.107590	
0.261970	
-0.064929	
0.018966	
-0.110066	
-0.109198	
0.114048	
0.193106	
0.110446	
-0.070526	
0.073576	
0.010995	
-0.166469	
0.106662	
0.100846	
0.094637	
0.106068	
-0.104602	
-0.063593	
-0.225207	
-0.225674	
0.055659	
-0.085918	
0.143090	
-0.138543	
-0.176518	
0.015914	
-0.146328	
0.184881	
-0.166404	
0.197207	
-0.152006	
-0.155786	
-0.054428	
0.018304	
-0.021396	
-0.206491	
0.021696	
0.022477	
-0.212850	
0.281275	
0.325283	
0.049666	
0.093586	
-0.031849	
0.134018	
-0.265034	
-0.151776	
-0.111194	
-0.122703	
-0.112578	
0.039378	
-0.255352	
0.028266	
-0.087612	
-0.079461	
-0.025778	
-0.030030	
0.275685	
-0.024333	
-0.105229	
-0.095960	
-0.237246	
0.010664	
-0.056270	
0.015829	
0.171814	
-0.159538	
0.116416	
0.081530	
-0.103570	
-0.086097	
0.141640	
0.167498	
0.024972	
-0.034048	
0.079142	
-0.152167	
0.009101	
0.005721	
0.042560	
-0.141963	
0.092114	
0.281000	
-0.234211	
-0.096155	
-0.067415	
0.093510	
0.324305	
0.017533	
0.154726	
-0.089132	
0.074272	
0.044373	
-0.221466	
-0.051162	
-0.086465	
0.116948	
-0.167757	
0.074226	
0.206288	
-0.010715	
-0.013610	
0.110504	
0.219692	
-0.099281	
-0.007250	
-0.070299	
-0.256009	
0.204477	
0.183075	
0.100063	
-0.148863	
-0.044052	
0.143631	
0.098663	
-0.129174	
-0.006062	
0.137274	
-0.110930	
-0.140483	
-0.130381	
-0.223967	
0.218099	
0.033194	
-0.137970	
0.112289	
0.027126	
0.187712	
-0.060107	
0.060540	
-0.188386	
0.105957	
-0.048952	
-0.287928	
-0.204867	
0.081078	
-0.074594	
0.037310	
0.006163	
0.048183	
0.093430	
-0.189689	
0.374844	
-0.092406	
0.096173	
0.143966	
0.051728	
0.210624	
-0.163785	
-0.226802	
0.015060	
-0.051967	
0.276253	
-0.036941	
-0.152544	
0.095514	
0.213984	
-0.068686	
-0.248573	
0.034245	
0.219683	
-0.080365	
0.102848	
0.007396	
0.057707	
-0.059139	
-0.030003	
-0.061631	
-0.053505	
-0.002149	
-0.205850	
-0.033247	
-0.180035	
-0.022421	
0.185199	
-0.030526	
-0.132577	
0.040451	
-0.088118	
0.122939	
-0.185941	
-0.049906	
-0.169475	
0.025595	
0.169534	
-0.250078	
0.189166	
-0.035786	
0.099779	
0.079398	
-0.047026	
-0.166910	
-0.294343	
0.045094	
0.126833	
-0.105725	
0.112857	
-0.104804	
0.134532	
0.036881	
0.206949	
-0.001835	
0.092377	
-0.084417	
-0.007208	
-0.195588	
-0.159547	
-0.055566	
-0.031176	
-0.135119	
-0.072591	
-0.162909	
0.115380	
0.307913	
-0.047419	
-0.049726	
0.121901	
-0.047322	
0.014792	
0.306984	
-0.025076	
0.016915	
-0.087026	
-0.090597	
-0.159813	
-0.338616	
-0.051654	
-0.175567	
0.069234	
-0.292372	
-0.091785	
-0.040759	
0.052059	
0.086456	
-0.239971	
0.079539	
0.280142	
0.169112	
-0.120887	
-0.254655	
-0.002232	
0.051120	
-0.046486	
-0.147988	
-0.181070	
0.157915	
-0.038499	
-0.282713	
0.205929	
-0.052886	
0.139066	
-0.020927	
0.087742	
-0.028109	
0.025132	
0.196910	
-0.070825	
0.134756	
0.141274	
0.266518	
-0.102927	
-0.000638	
-0.187805	
-0.017471	
0.173934	
-0.088027	
0.180803	
-0.195398	
0.077649	
-0.117319	
-0.066351	
-0.061750	
-0.050020	
0.152771	
0.055856	
-0.025434	
0.202179	
0.215943	
-0.313195	
-0.049034	
-0.133331	
0.201474	
-0.040531	
0.087897	
0.102363	
-0.003529	
-0.124961	
-0.095181	
-0.119836	
0.257182	
0.239787	
0.098944	
-0.109815	
0.013616	
-0.223413	
-0.200420	
-0.065728	
-0.209285	
-0.112141	
-0.120404	
0.086658	
0.048675	
-0.098155	
-0.027509	
-0.009515	
0.005475	
-0.095319	
0.014617	
0.130598	
-0.103148	
0.126269	
-0.087833	
-0.011450	
0.046665	
0.039802	
-0.046971	
0.140859	
-0.088502	
-0.091321	
-0.164906	
-0.325826	
0.087845	
-0.082196	
-0.111376	
0.308001	
0.074354	
