0.220713	-0.058070	0.110279	-0.037045	-0.249496	-0.031864	-0.030636	0.077341	-0.105616	0.071524	0.170246	0.226701	-0.184627	-0.031589	-0.071410	0.207910	0.147831	-0.174787	0.198218	-0.130923	0.077524	0.150656	-0.182081	0.001444	0.188200	0.212784	-0.155745	0.105511	-0.163195	0.037509	-0.189933	0.040393	0.100216	-0.149495	-0.151575	-0.075327	0.099848	-0.186508	-0.046619	0.060914	-0.051975	-0.206956	0.032716	0.052894	-0.174877	-0.269909	-0.183861	0.166890	0.067921	-0.021815	
0.066143	-0.103355	-0.077900	0.077025	-0.045834	0.086654	-0.105030	-0.001700	-0.070757	-0.180949	0.019763	-0.102812	-0.153288	-0.069468	0.119899	0.076396	0.071982	0.111990	0.185619	0.042272	-0.134731	0.030420	-0.158092	0.107279	0.014598	0.053328	-0.011896	-0.079087	-0.111363	0.061267	-0.063465	0.092051	0.008630	-0.151466	-0.070644	-0.093867	-0.070502	-0.012610	0.041040	0.065576	-0.060547	-0.128223	0.074549	-0.031101	-0.099996	-0.017382	-0.065710	0.204477	-0.063648	0.080173	
-0.006180	-0.020536	0.022795	-0.001073	-0.007685	0.003298	-0.003812	-0.009590	0.094797	-0.001962	0.140595	-0.009845	-0.001716	-0.014913	-0.000182	0.000451	0.002652	0.005040	-0.009423	0.018263	-0.012939	-0.009808	-0.000567	-0.012092	-0.018483	0.003702	-0.065050	-0.009285	-0.024709	0.003230	0.033783	0.015086	0.003233	-0.004349	0.014118	0.009178	0.017188	-0.015852	-0.005427	-0.010748	0.009739	-0.004781	-0.024245	-0.034983	0.023458	-0.126839	0.004517	0.119018	0.004252	0.000960	
-0.075582	0.078324	0.025326	-0.071590	-0.048247	-0.029679	0.081476	0.055912	0.058917	-0.021518	0.117088	0.021090	-0.020898	-0.042210	0.002737	-0.028930	0.010912	-0.024294	0.042990	-0.067224	0.119318	-0.052911	0.019546	-0.030949	-0.034935	-0.092263	-0.049823	-0.041063	0.093259	-0.018457	-0.111889	-0.042196	0.023606	0.083479	0.109172	-0.056673	0.023530	-0.063975	-0.108929	0.052761	-0.035503	0.051687	-0.052210	0.059402	0.051435	0.039861	0.035288	0.041940	-0.060743	0.055693	
-0.005343	0.180118	0.008162	0.061319	-0.195006	0.126030	0.078046	-0.270156	0.095805	0.130350	0.137581	0.174778	0.140783	0.112465	0.130157	0.167470	-0.004785	0.152360	0.038335	-0.128276	-0.051633	0.039794	-0.080313	0.026445	-0.087697	0.125416	-0.114192	-0.149654	-0.211156	-0.038408	0.116839	0.173777	-0.138469	0.012094	-0.270983	0.179110	-0.068865	-0.014656	0.184490	0.092747	0.049767	-0.063551	0.140051	0.185702	0.035194	-0.123634	-0.219272	-0.131454	-0.074771	-0.144297	
0.033159	0.135139	-0.047180	0.056995	-0.011942	0.056023	-0.076134	-0.078329	-0.032319	0.025147	-0.049414	-0.042022	-0.051582	-0.009724	0.044330	0.093264	0.028085	0.058119	0.087914	0.065477	-0.045963	0.009123	0.084303	0.094777	0.024624	0.068403	-0.025864	-0.049000	0.026368	0.113048	-0.098025	0.098321	-0.023005	-0.076034	-0.016465	-0.008642	0.024887	-0.036112	0.058707	0.058638	-0.012173	0.039110	-0.092228	0.022292	0.034253	-0.052187	-0.099336	0.063318	-0.130677	0.103870	
-0.013572	-0.024445	0.023462	0.006267	-0.016383	-0.029166	-0.019182	0.023827	0.005774	0.024979	-0.054973	0.061211	0.007590	-0.022212	-0.052115	0.014096	-0.020575	-0.025147	0.044867	0.023194	-0.010024	-0.021695	-0.022315	0.040834	-0.100144	-0.020816	-0.007501	0.010595	-0.015251	-0.011713	0.023063	-0.016492	-0.016294	-0.027130	0.012578	-0.004973	-0.009386	-0.017709	0.016149	-0.038245	0.036621	-0.066576	0.019833	-0.082683	-0.016292	-0.017110	0.011274	0.007421	-0.013375	0.072302	
0.027387	0.042971	-0.060009	-0.064772	-0.057723	0.110210	-0.037709	-0.039780	-0.054641	-0.013957	-0.096186	0.042430	0.006006	-0.008167	0.049332	0.119619	0.114931	0.029378	0.070572	-0.025308	0.092365	-0.029094	0.066510	0.025648	-0.025932	-0.019118	0.075668	-0.076660	0.036901	0.098054	0.025456	-0.023717	0.046460	-0.033140	0.017546	0.102120	0.066485	0.003180	0.036192	0.008886	-0.025584	-0.026676	-0.055698	-0.004182	0.059572	-0.089087	-0.040847	0.050187	-0.103789	0.036473	
-0.036993	0.007901	0.086747	0.070252	-0.003359	0.041436	-0.008796	-0.026876	0.063707	0.021886	0.053180	-0.103973	-0.079335	0.014038	-0.105018	0.022721	0.062264	-0.017139	0.017728	-0.006702	-0.028243	0.087318	-0.068343	0.036608	0.062027	-0.049809	0.012884	0.010582	-0.071352	0.044675	-0.044527	0.044111	0.081283	-0.023030	-0.036095	0.019312	0.014088	0.008855	-0.036515	-0.079259	0.020651	-0.045764	-0.015595	-0.030345	-0.068777	0.036507	0.019425	0.020079	-0.048464	0.060094	
-0.038724	-0.019132	0.048010	-0.039544	0.023395	-0.010577	0.036131	-0.007563	-0.035953	0.058732	-0.039905	-0.046077	0.098695	-0.036473	0.037530	-0.045745	-0.064981	-0.029840	0.027262	-0.000006	-0.022850	-0.033713	0.047998	-0.063770	0.008082	-0.046930	-0.068912	-0.004706	-0.019759	-0.032198	-0.022249	-0.006816	-0.010711	0.032735	0.046626	0.040460	-0.002399	-0.053271	0.017471	-0.065474	-0.019099	-0.009687	0.073744	0.017200	0.033507	-0.024769	0.040011	0.006021	-0.028497	0.004731	
-0.052895	-0.072813	-0.013450	0.077860	-0.047386	-0.076137	-0.052492	0.082846	-0.064253	0.041813	-0.049485	-0.027432	0.049892	0.024377	0.059788	0.050140	0.058501	-0.062667	0.078264	-0.095302	0.051472	-0.090642	0.071656	0.095754	0.046190	-0.055777	-0.048062	-0.065176	0.091258	0.083388	0.029511	-0.060449	0.090268	0.070159	-0.057192	0.065430	-0.091512	0.061530	-0.091049	0.045320	-0.045630	0.079080	-0.070247	-0.056089	0.063993	0.030726	-0.054484	0.054458	0.053808	0.047427	
0.031397	0.087688	0.054012	-0.015599	-0.043894	-0.059140	-0.001069	-0.008151	-0.042058	-0.028073	0.034040	0.031036	-0.043440	-0.009968	0.027275	-0.004351	0.071969	0.054946	0.012753	0.001614	-0.004073	0.004055	-0.005502	-0.033301	0.009329	0.018645	0.023246	0.044982	-0.032501	-0.017238	0.039824	-0.042366	0.018605	-0.024500	-0.021348	0.037404	0.053733	0.019452	-0.041405	-0.046493	-0.022362	0.038158	-0.017496	0.055206	0.004475	-0.003053	-0.044505	-0.031321	0.042047	0.005508	
0.019951	0.153898	-0.099956	0.070392	-0.132137	0.127356	0.100798	0.078945	-0.060967	0.021938	0.105692	-0.006617	-0.092538	-0.022083	0.093721	-0.025358	0.108415	0.039116	0.147912	0.009801	0.005550	0.006567	-0.115887	0.136939	0.076770	0.097245	0.018161	0.060799	-0.099051	0.045566	-0.129366	0.134797	-0.112170	-0.105250	-0.062472	0.055049	-0.116496	-0.074382	-0.070794	-0.047884	0.032452	-0.057793	0.023722	0.091116	0.028748	-0.052098	-0.118615	-0.127527	-0.049948	0.074794	
0.128845	0.088449	-0.095792	-0.051420	-0.110966	0.136223	-0.091852	-0.147898	0.004790	0.014581	0.077806	0.042158	-0.054075	-0.094976	-0.096162	-0.012919	-0.096348	-0.070447	-0.000643	0.117799	0.112484	0.140333	0.021005	0.131887	-0.074779	0.139549	0.027747	-0.014091	-0.114648	0.174235	-0.113419	-0.087751	0.042477	-0.137156	-0.264797	0.003712	-0.123791	-0.025309	0.018786	0.020952	-0.071971	-0.121554	0.065302	0.015041	-0.123544	-0.132864	0.092905	0.057997	-0.064270	-0.070481	
0.087899	0.181867	-0.180200	0.144635	-0.173476	0.212308	-0.100290	-0.107521	-0.150093	-0.041776	0.146829	0.102454	-0.102409	0.107079	-0.109655	0.110029	-0.016840	0.094329	0.071133	0.055243	0.129706	0.059659	0.209865	-0.094379	0.172036	0.067200	-0.051531	-0.216323	-0.091189	0.221930	0.102964	0.055057	-0.106218	-0.170728	-0.090473	0.182218	-0.060782	-0.077624	-0.082880	0.119917	0.101422	-0.047663	0.083118	0.188980	-0.096678	-0.083303	-0.106806	0.140531	0.030338	0.098430	
-0.063435	-0.014880	-0.007423	-0.018856	0.025503	0.063703	-0.051702	-0.067192	0.035299	0.037459	0.033552	0.023139	0.045545	-0.017401	-0.012683	0.066091	-0.041169	-0.041837	-0.012526	0.019781	0.008400	0.028631	0.011745	-0.018121	0.041162	-0.028333	-0.011748	-0.042274	0.006167	-0.091358	-0.054630	0.064416	-0.051293	0.031374	-0.029430	-0.021333	-0.050508	-0.075784	0.047351	0.028562	0.019117	-0.039487	0.002120	0.010791	0.019800	0.041334	-0.062427	0.052643	-0.044031	0.010595	
-0.026888	0.075550	0.027994	0.066466	-0.093302	0.146957	-0.116294	-0.062971	0.035916	0.023652	-0.011264	0.042697	-0.063719	0.056372	-0.047868	0.086889	-0.045615	0.063831	0.052203	0.063787	-0.079202	0.068164	0.095450	-0.049329	0.079894	0.107030	0.026894	-0.103080	0.018934	0.094519	-0.067764	-0.001204	-0.086511	0.012876	-0.045497	-0.018997	-0.042771	-0.042710	-0.047173	0.001465	0.021940	0.055911	-0.022707	0.059723	0.055292	-0.070096	-0.019545	0.069708	-0.100180	0.047027	
0.020505	-0.008249	0.003335	0.012415	-0.021435	-0.022139	-0.003633	-0.104735	-0.008025	0.013406	-0.006646	-0.011383	-0.007749	0.020006	-0.002914	-0.049459	0.003570	0.011846	0.005471	0.033318	0.011875	-0.014773	-0.003441	0.030410	0.017008	0.006449	0.002272	-0.018722	0.009312	0.008141	-0.009310	-0.033291	-0.007975	0.005261	0.008471	-0.031770	-0.002112	0.013545	-0.116164	-0.002330	0.004545	0.025006	0.007237	-0.010730	0.000171	0.005984	0.087872	-0.004359	0.020214	-0.019550	
0.074724	-0.052974	0.066784	-0.086773	0.062109	0.055285	0.071140	-0.075366	0.063951	-0.051152	0.060773	-0.030783	-0.042346	0.056293	-0.065887	-0.057785	-0.064141	0.056841	-0.063224	0.101318	-0.057927	0.090961	-0.064762	-0.067002	-0.051887	-0.035728	-0.083168	0.066175	-0.092477	-0.087386	-0.053950	0.050322	-0.075254	-0.078696	0.077721	-0.066066	0.080868	-0.065000	0.091427	-0.071525	0.053154	-0.043145	0.064047	0.068350	-0.063661	-0.059218	0.052052	-0.072367	-0.055593	0.043812	
0.016318	0.010534	-0.036981	0.029657	-0.020708	0.029264	-0.007509	0.009401	-0.028380	0.035182	0.003723	0.012330	-0.000056	0.062170	-0.038793	0.060062	0.019265	-0.011282	0.030406	0.058489	0.065834	0.011902	-0.005592	0.026894	0.067182	0.017449	-0.044819	-0.015986	-0.038697	-0.000879	0.008087	-0.075487	-0.056125	-0.034849	0.010328	0.042013	-0.052371	-0.008409	-0.004400	0.054232	0.007975	-0.039631	0.010783	0.071082	-0.065581	-0.001535	0.035097	0.005120	-0.001725	-0.015910	
0.100357	0.027019	-0.026603	0.049840	-0.034984	-0.040146	-0.027010	0.064564	0.080441	-0.004797	0.007078	0.090159	-0.055094	-0.077228	0.098613	-0.028925	0.101024	0.017005	-0.079699	0.038088	-0.014551	0.075393	0.040704	-0.023453	-0.013754	-0.032061	0.143063	0.048255	-0.028927	0.103981	-0.102642	0.106759	0.007149	0.081177	0.064466	0.014143	-0.018209	-0.085791	0.003738	0.040513	0.102074	-0.126412	-0.070418	-0.045933	-0.045532	0.024175	0.055569	-0.070917	-0.093879	0.035258	
0.087334	0.076155	0.052077	0.072453	-0.127787	0.133914	-0.106083	0.005958	-0.097782	-0.032775	-0.094928	0.089463	-0.036496	-0.048169	-0.014742	0.113769	0.204435	-0.004029	0.117429	0.165951	0.074591	-0.027083	-0.028654	-0.018753	0.098061	0.113324	0.147434	-0.091757	0.037030	0.001388	0.003669	-0.031045	-0.039163	-0.144457	-0.179097	0.181258	-0.106421	0.009625	0.095058	0.121533	-0.021260	-0.148809	-0.072924	0.046204	0.060382	0.111585	-0.103827	0.160682	-0.170860	-0.161213	
0.058855	-0.046048	-0.063016	0.031889	-0.023547	0.008494	-0.019149	0.042577	-0.053748	0.041023	0.040637	-0.031431	-0.051314	-0.043918	-0.012037	0.054197	0.028111	0.028181	-0.049275	0.019036	0.028798	0.046845	0.014940	-0.027567	0.016689	0.040254	0.020291	0.021926	0.007633	0.011484	-0.031415	0.018608	0.077333	-0.032466	-0.045733	-0.070011	0.031244	0.062312	0.045492	-0.068966	-0.048183	-0.040889	-0.087809	0.054443	-0.039000	-0.008555	-0.060160	0.053123	-0.073853	-0.021780	
0.040933	0.032977	0.006340	-0.028724	-0.009453	0.033719	-0.010379	-0.029278	-0.050131	0.008282	0.019968	-0.023333	0.006882	0.035851	0.059095	0.030522	0.011972	-0.016300	0.041020	-0.042723	-0.010173	0.005402	0.063561	-0.009682	0.048727	0.115188	0.036899	-0.070445	0.007333	0.008956	0.067621	0.033625	-0.071652	-0.078127	-0.046218	0.087693	0.016841	0.000121	0.061768	0.031461	0.065806	0.037375	-0.053145	0.013648	-0.005261	-0.008243	0.062796	0.044469	-0.080262	0.049734	
-0.045923	0.018038	0.018428	-0.017786	-0.029927	0.079482	-0.020732	0.005098	-0.102051	-0.017793	0.056703	0.109304	-0.012858	0.021556	-0.041812	0.036501	0.096324	-0.032733	0.060061	0.095825	-0.010234	-0.007525	0.045870	0.045452	0.103309	0.044582	0.065939	0.000717	-0.039005	0.077244	-0.027411	-0.019440	-0.079494	-0.091891	-0.096107	0.071631	-0.015781	-0.058707	-0.035213	0.031415	-0.018161	-0.057061	0.083980	0.118256	0.079760	-0.046924	-0.066074	0.039005	-0.085958	0.023475	
0.177652	0.090048	0.060289	0.138087	-0.131912	-0.055191	0.015802	-0.208676	-0.144789	-0.237908	0.219830	-0.106858	-0.242933	-0.144057	0.118311	-0.072771	0.160919	0.101180	0.253067	0.027485	-0.201706	0.147363	-0.217038	0.182547	0.035069	0.120221	0.131177	0.113726	-0.168207	0.247751	-0.016929	-0.038421	-0.134796	-0.287941	-0.189705	-0.120829	0.018940	0.017101	-0.031181	-0.085459	-0.153116	-0.072733	0.095618	-0.098144	-0.038319	0.008455	-0.174252	-0.030495	0.108079	0.058099	
0.070509	0.036419	-0.171758	0.106573	0.119146	0.063813	0.159085	0.038497	0.011302	-0.135123	-0.096090	0.014105	-0.064863	-0.064309	-0.100365	0.027571	0.047549	-0.116262	0.108351	-0.101663	0.108189	0.197747	-0.108608	0.015318	-0.020913	0.094949	-0.058767	-0.113164	-0.187567	0.100142	0.054913	0.169338	-0.262756	-0.227722	-0.171709	0.124766	0.016092	0.035961	-0.095338	0.097155	0.115773	-0.152372	-0.077575	0.122372	0.014497	-0.121535	0.119000	-0.002965	0.069027	-0.131827	
0.004840	0.021882	0.070992	-0.068939	-0.003459	0.024730	-0.007290	0.028905	0.012004	0.081325	0.043545	0.004444	0.005983	0.015995	-0.097097	0.008409	-0.026252	-0.051562	-0.002261	0.002942	-0.004182	0.014733	0.035940	0.031508	0.005206	-0.004810	-0.007397	0.003195	0.057917	-0.038849	-0.003172	0.054528	-0.001062	-0.013293	0.012234	-0.005100	-0.002671	-0.035732	0.000558	-0.092556	0.049141	0.018508	-0.004510	0.004798	0.014759	-0.000976	-0.117405	0.010713	0.064281	-0.024714	
0.108523	0.135123	-0.030841	0.076084	-0.058931	0.128792	-0.098994	-0.111203	-0.155567	-0.174752	0.018948	-0.027192	-0.213523	0.060384	0.095808	0.028063	0.071538	0.176067	0.067484	0.183305	-0.064400	0.139730	0.031306	0.120319	-0.028319	0.061490	0.125422	0.108724	0.055006	0.174935	-0.040415	0.084123	-0.076885	-0.113371	-0.111499	0.142612	0.137282	0.074393	-0.078128	0.108815	0.014544	-0.057672	-0.101455	0.030444	-0.043107	-0.093683	-0.156914	0.085110	-0.146504	-0.154776	
0.027974	0.105938	-0.059066	-0.039429	-0.027313	-0.061787	0.042539	-0.024982	-0.020876	0.065665	0.014175	0.120045	0.025224	0.037764	-0.081366	0.021197	0.007950	0.016019	-0.080494	0.075156	0.064473	0.043601	0.107072	0.036432	-0.006511	0.066266	0.038664	-0.083760	-0.033383	0.005860	-0.006022	0.042604	0.021323	0.011670	0.052498	0.064915	0.029619	-0.027048	0.028783	0.036169	-0.073759	0.019851	0.031649	0.049786	0.057867	-0.095389	-0.031028	-0.016319	-0.059332	-0.059960	
0.141767	0.087285	-0.049158	0.101908	-0.144363	0.089866	-0.122769	-0.086632	0.049840	0.072811	0.080802	0.030679	-0.018920	0.095620	0.082281	0.106233	0.116931	0.002827	0.154128	0.103814	0.086364	0.020917	0.030409	0.063993	0.175689	0.145002	0.096593	-0.078229	-0.081621	0.121779	-0.084533	-0.066002	-0.066346	-0.078880	-0.169821	0.077827	-0.015970	0.096938	-0.057383	0.102861	0.051184	-0.079131	-0.071873	0.064111	0.070494	-0.107994	0.009272	0.112980	-0.123808	0.046633	
0.015780	0.030892	-0.126286	0.123032	0.072201	0.145187	-0.087639	-0.128826	-0.047007	-0.086410	0.011444	0.027908	-0.045384	0.048435	0.020365	-0.035887	-0.087354	-0.021052	0.125737	0.057008	0.065655	0.017430	0.034135	-0.094821	0.076773	-0.049972	-0.042565	-0.080683	-0.036485	0.075274	0.026181	-0.007022	-0.097577	-0.121406	-0.085007	0.145606	-0.066159	0.024448	0.036664	-0.066515	-0.065579	-0.112113	0.056677	0.144283	0.060941	-0.026455	-0.066921	-0.026227	-0.078834	0.017270	
0.043579	0.036064	-0.006928	-0.052630	0.076887	0.049054	0.022149	0.031628	0.007329	0.009119	-0.020696	-0.003119	-0.008748	0.027412	-0.059955	-0.045163	0.036402	-0.074679	0.079259	-0.001699	0.031935	0.028172	0.023840	0.055669	-0.047008	0.037263	-0.040335	-0.006554	-0.010633	0.006397	-0.010496	0.012823	-0.046017	-0.024767	-0.024527	0.018821	-0.041283	0.022266	0.017184	0.030739	0.030951	-0.006846	0.016675	-0.041301	-0.016511	-0.052400	0.053711	-0.025142	-0.008258	0.038265	
-0.120495	0.031317	-0.026243	0.120228	-0.024880	-0.072699	-0.095114	0.088251	-0.054427	-0.051762	0.091077	0.019567	0.013012	-0.078820	-0.097071	-0.052688	-0.008045	0.091867	0.003079	0.019221	0.076804	0.020195	0.158615	0.034526	0.028919	-0.008198	-0.029641	0.021519	-0.094778	-0.015078	-0.037608	-0.061129	-0.079552	0.038842	-0.037687	-0.011729	-0.165441	-0.025964	0.018370	0.049342	0.011255	-0.017030	-0.074217	-0.100829	-0.012920	-0.012194	-0.100816	0.004252	0.007985	-0.046583	
0.201367	0.085696	-0.140209	-0.201238	-0.027093	0.211524	0.128836	-0.211087	-0.105930	-0.087573	-0.131139	0.140342	-0.216350	-0.002063	0.129179	0.200476	-0.125943	-0.205164	-0.144586	0.100761	0.206252	0.262583	0.115981	0.213040	0.049800	0.124619	0.149809	0.129382	-0.109915	-0.126294	0.134812	0.047649	-0.008522	-0.034832	-0.135354	0.137161	-0.065088	-0.117839	-0.138979	-0.035456	0.099673	-0.066098	0.024224	0.247789	0.132113	-0.010973	-0.063539	0.077925	-0.190390	0.208572	
-0.088379	0.053652	-0.080189	0.085806	-0.066442	-0.051292	-0.063235	0.026256	-0.059246	0.064629	0.088890	0.073135	0.036612	-0.062978	0.053970	0.060719	0.078903	-0.046941	-0.011004	-0.094877	0.048024	-0.095035	0.053832	0.044109	0.070328	0.063819	0.091223	-0.062239	-0.037359	0.096074	0.056848	0.018383	0.052725	0.070914	-0.082981	0.084294	-0.064754	0.058327	-0.044775	0.060665	0.068585	0.036282	-0.044926	0.041662	0.053017	0.087419	-0.049404	0.089578	0.078829	-0.046808	
-0.048834	0.089850	-0.020747	-0.058104	-0.040370	-0.267142	0.063402	-0.166052	-0.041055	0.010837	0.066992	0.045693	0.064644	-0.063630	-0.018789	-0.153943	0.020246	0.134607	0.038859	-0.148060	-0.008126	-0.001203	0.058045	0.043482	0.001947	-0.038006	0.102098	0.237446	0.017918	0.050391	0.055097	-0.190777	-0.005773	-0.038134	-0.030250	-0.040799	0.158916	0.043113	-0.146780	-0.065971	-0.029956	0.078396	0.052064	-0.061028	0.059537	-0.018594	-0.030554	0.036303	0.137704	-0.056280	
0.082447	0.083314	-0.171933	0.051327	-0.143699	0.072583	0.059803	-0.040566	-0.072566	0.050536	0.013002	0.155853	-0.093480	0.087344	-0.072029	-0.090050	-0.026632	-0.087118	0.127960	0.081121	0.053558	-0.004529	0.092211	0.084975	0.097933	0.093153	0.049554	-0.096013	-0.069756	0.103801	-0.128401	-0.006139	-0.088724	-0.108869	0.001136	0.138023	-0.124623	0.067877	0.062636	-0.040407	-0.042610	-0.148447	-0.016550	0.098315	-0.064890	-0.031758	-0.079391	0.086276	-0.143431	-0.014330	
0.185071	0.137357	0.082949	0.082396	-0.212900	0.170194	0.204348	-0.121719	0.146357	0.168520	-0.103987	0.090829	-0.059011	-0.046318	-0.201720	0.229080	0.214569	0.121807	0.231406	0.225602	0.215494	0.139540	0.023450	-0.069026	0.152060	0.148345	0.065404	0.045989	0.146479	0.175411	-0.061242	-0.178952	-0.192155	-0.012119	-0.218577	0.074244	0.115052	0.059675	0.121837	-0.109616	0.173405	0.116364	0.032757	0.139527	-0.147703	-0.045242	-0.004800	0.022719	-0.050770	0.182907	
-0.040106	-0.004532	0.018798	0.022590	0.001573	-0.031989	-0.023226	0.009377	0.015753	0.008639	-0.020682	-0.006450	0.023169	-0.016218	0.006462	-0.048737	0.034490	0.013429	0.013054	0.019370	-0.050828	0.009643	0.033424	-0.024402	0.008663	-0.010188	0.016217	0.041305	0.022957	-0.022140	-0.009655	0.022034	-0.009460	0.015429	0.008215	-0.024453	0.018399	0.005242	0.048421	-0.050800	0.013498	-0.009012	-0.026623	-0.027748	0.004318	-0.015226	0.012080	-0.022498	-0.008850	0.028787	
-0.013343	0.045208	0.025854	-0.030313	-0.020024	0.035564	-0.001152	0.030900	0.051641	0.031280	0.002191	0.028077	0.028291	0.035182	0.007497	0.052081	0.057218	-0.003205	0.020342	-0.047607	0.008028	0.073614	0.058353	0.016539	0.050969	0.046158	0.019332	0.007166	0.027176	0.049007	-0.023779	0.006347	0.059895	-0.072365	0.053544	0.059045	-0.028513	-0.023739	0.014894	0.056867	0.057488	-0.061598	-0.066241	0.067404	-0.015484	-0.006924	0.042556	0.046187	0.062402	-0.018114	
0.100378	-0.032645	-0.033155	0.095102	-0.010187	0.133815	-0.092868	-0.093251	-0.051754	-0.032458	-0.093416	-0.006998	-0.074838	0.047970	-0.024241	0.051739	0.049952	0.010024	0.106893	0.084162	-0.056588	0.079738	0.082984	0.140054	-0.039045	0.094372	0.037983	0.044455	0.017089	0.188883	-0.092184	0.115462	-0.057521	-0.103590	-0.118935	-0.010225	0.091182	-0.043880	0.023606	0.116337	-0.009350	-0.019991	-0.113064	0.033232	-0.038673	-0.119824	-0.034264	-0.019666	-0.168264	0.050309	
0.057238	0.184860	0.029358	-0.052569	-0.220696	0.021093	0.119330	-0.337248	-0.035476	0.103552	0.155463	0.248333	0.071995	0.333447	0.079438	-0.014308	0.140574	-0.131086	-0.015275	-0.215730	0.137938	-0.050225	0.153576	0.041470	0.078592	0.132743	-0.077199	-0.153579	-0.048718	0.105083	-0.132252	0.088535	-0.215890	-0.153152	-0.018168	0.298947	-0.065742	-0.144114	0.041270	0.078022	0.024914	-0.053847	0.010075	-0.114432	0.030697	-0.288997	-0.004746	0.100693	-0.095349	-0.148610	
-0.006841	0.021752	-0.012885	0.003860	-0.020158	0.074517	-0.023743	-0.017441	-0.009892	-0.027323	-0.040585	0.032725	-0.051083	-0.006824	0.036058	0.033169	0.009951	0.025468	-0.018979	0.019657	-0.044229	-0.088983	-0.031382	-0.026093	0.045220	-0.024559	-0.004390	-0.066623	-0.052535	0.041305	0.009242	0.008953	0.044669	0.049875	-0.015564	0.060970	0.025293	0.021369	-0.056973	-0.071190	-0.008615	-0.034011	-0.044351	0.004753	0.010067	-0.017305	-0.084729	-0.008117	0.015116	-0.028926	
-0.032512	0.104848	-0.093858	0.108789	-0.025262	0.124986	-0.090056	-0.028952	0.038134	-0.163450	0.112610	0.115309	-0.169407	0.060564	-0.019213	0.096134	-0.011305	0.027002	-0.011033	0.009131	0.058346	0.079123	-0.035275	0.057114	0.025521	0.078776	0.103476	-0.010955	-0.145516	0.174052	0.089922	0.132031	-0.016158	-0.102578	-0.146763	0.086588	-0.018913	0.133277	0.009956	-0.052127	0.145075	-0.024507	-0.122019	0.122847	-0.023786	0.075030	-0.137086	-0.063561	-0.037966	-0.056137	
-0.057130	-0.061875	0.009128	-0.043914	0.066314	-0.040023	0.027794	-0.026909	-0.005209	-0.048998	0.073664	-0.098745	0.023472	-0.070645	0.050533	-0.073472	-0.065987	-0.000107	0.063078	-0.067432	0.045676	0.023817	-0.027668	-0.066730	-0.013761	0.040011	-0.044238	0.049751	-0.056871	0.022617	-0.028906	-0.081485	-0.043087	-0.036269	-0.012724	-0.091884	-0.063703	0.027699	-0.026841	-0.018402	0.016739	0.022676	-0.001166	-0.081143	-0.051252	0.083857	-0.047224	-0.050641	0.044161	0.023962	
0.166664	0.104498	0.192919	0.177886	-0.059198	0.087201	-0.049612	-0.191838	0.137629	-0.029613	-0.131795	0.190215	-0.018102	0.224238	0.233444	-0.185664	-0.131937	-0.194400	0.154270	0.025401	-0.080970	-0.032370	-0.086492	-0.080987	-0.079445	0.261857	0.018834	-0.193830	0.044862	0.229412	-0.145999	-0.138401	0.057361	0.041267	-0.101081	0.212997	0.127622	-0.169610	-0.161993	0.049937	-0.229529	-0.184749	0.105936	0.098483	-0.096433	-0.017238	0.054741	-0.166087	0.104202	-0.159718	
0.100421	0.110865	0.105920	-0.013667	-0.021278	0.041073	-0.021627	-0.104884	-0.020651	-0.066537	0.072839	0.136583	-0.111651	0.133609	0.010924	-0.003870	0.041962	0.047048	0.128929	0.073482	-0.016931	0.084100	-0.058398	-0.017238	0.090391	0.067072	0.090363	-0.020080	-0.139915	0.080617	-0.052705	0.044701	-0.017339	-0.045420	-0.160619	0.088852	-0.025982	-0.085199	0.094498	-0.076497	-0.085344	-0.073800	0.024025	0.108009	-0.047100	-0.131333	0.070475	0.082672	-0.128300	-0.004279	
0.158519	0.009327	0.069583	0.118559	-0.143473	0.047589	0.066826	0.080933	0.057865	0.022285	0.061764	0.097064	-0.222621	0.009459	0.073092	0.175492	0.148108	-0.042538	0.163362	0.285722	-0.129264	-0.022559	0.012077	-0.079503	0.014626	0.060149	-0.124174	-0.161925	-0.152446	-0.031673	-0.067182	-0.013686	-0.159130	0.091399	0.033980	0.202046	0.008670	0.031825	-0.020370	0.144603	0.148931	-0.164366	-0.062073	0.026804	-0.075846	0.057208	-0.139119	0.148411	-0.157834	-0.145370	
