0.153714	0.155821	-0.099822	-0.162114	-0.159687	0.091045	0.109086	0.140126	-0.166521	-0.108761	0.119684	0.143926	0.065904	-0.138210	-0.150787	0.164959	0.166846	-0.158223	-0.173369	-0.162043	-0.169693	-0.159149	-0.178608	-0.166549	0.143769	0.157717	0.146010	0.076843	-0.153821	0.161942	0.134497	0.140978	0.137768	-0.167945	-0.162909	-0.030202	-0.167012	-0.167377	-0.126288	0.050160	-0.126257	-0.154315	0.154538	0.141404	-0.047405	-0.161239	-0.142874	0.163787	0.095334	0.023609	
-0.077095	-0.152203	0.105499	0.173404	0.157423	0.181930	-0.115045	0.150211	0.152814	0.137202	0.012711	0.163702	0.018424	-0.179796	-0.104107	0.136208	0.180313	0.157359	0.159564	0.163948	-0.176321	-0.080341	-0.155562	-0.175013	-0.010857	-0.172855	0.169210	0.001246	-0.149037	0.012865	-0.167444	0.145249	0.178507	-0.145683	-0.173581	0.127888	0.159826	-0.129097	0.051881	0.156882	-0.066992	-0.144155	0.183254	-0.161976	-0.162603	0.154883	-0.184771	0.094209	-0.011116	-0.157947	
-0.000180	-0.050536	-0.001205	-0.003073	0.045315	0.002298	0.001188	-0.000590	0.001797	0.002038	-0.006405	-0.000845	-0.038716	0.002087	-0.001182	0.000451	-0.002348	-0.006960	-0.048423	-0.004737	-0.001939	-0.002808	0.004433	0.002908	0.000517	0.002702	-0.042050	-0.000285	0.002291	-0.005770	0.002783	-0.001914	-0.000767	-0.003349	-0.002882	-0.009822	-0.006812	-0.004852	-0.001427	0.003252	0.004739	0.003219	0.007755	0.005017	0.011458	-0.000838	0.002517	-0.001982	0.000252	-0.069040	
0.014418	0.094324	0.031326	0.034410	0.001753	0.012321	0.043476	-0.024088	-0.045083	-0.055518	-0.098913	0.019090	-0.080898	-0.088210	0.068737	0.035070	0.024912	-0.010294	-0.031010	-0.073224	0.071318	0.049089	0.029546	0.051051	0.035065	0.037737	-0.073823	-0.067063	-0.000741	-0.046457	-0.035889	0.051804	-0.028394	0.077479	0.031172	0.043327	-0.004470	-0.009975	-0.032929	-0.079239	0.034497	-0.054313	-0.044210	0.067402	0.025435	0.039861	0.047288	-0.020060	0.047257	0.043693	
0.128811	0.140907	0.045506	0.135859	-0.136338	-0.144136	0.163060	-0.158224	-0.148603	0.160627	0.129658	0.148853	-0.148618	-0.149908	0.165278	-0.018438	-0.126773	0.161031	-0.132561	-0.104578	0.136448	-0.160203	-0.111233	-0.157239	-0.147474	-0.158488	-0.140752	-0.135624	0.140906	-0.137548	-0.149623	0.110635	0.153244	0.115819	-0.153109	0.157758	0.146610	-0.156635	0.092460	0.144272	0.155934	0.158744	0.150727	0.151255	0.145747	-0.141427	-0.146760	-0.113668	0.152033	-0.167500	
0.085159	-0.086861	-0.063180	-0.055005	0.080058	-0.093977	-0.058134	-0.076329	-0.070319	0.069147	-0.081414	-0.064022	-0.061582	-0.053724	0.066330	0.001264	0.078085	-0.065881	0.025914	0.023477	-0.073963	0.025123	0.092303	0.080777	-0.053376	-0.067597	-0.083864	0.075000	0.002368	0.063048	-0.094025	0.056321	0.068995	0.005966	-0.058465	-0.074642	0.078887	-0.066112	-0.077293	-0.059362	0.079827	0.071110	-0.030228	-0.003708	0.048253	-0.060187	0.096664	0.089318	0.059323	-0.040130	
0.002428	0.003555	-0.005538	0.006267	0.003617	-0.004166	-0.004182	-0.004173	-0.003226	-0.028021	0.006027	0.005211	0.000590	-0.006212	-0.003115	0.012096	-0.002575	0.004853	-0.001133	-0.057806	-0.008024	-0.002695	0.034685	0.004834	-0.003144	0.004184	0.001499	-0.002405	0.005749	0.006287	-0.002937	0.006508	0.004706	0.000870	-0.032422	0.004027	-0.007386	0.002291	0.004149	0.006755	0.001621	0.004424	0.005833	0.030317	-0.056292	0.003890	0.026274	0.002421	0.000625	-0.037698	
-0.004613	-0.071029	-0.082009	-0.066772	-0.061723	0.080210	0.084291	0.082220	-0.090641	0.100043	-0.088186	0.062430	0.078006	-0.106167	-0.082668	0.083619	0.092931	-0.078622	0.052572	-0.073308	0.086365	-0.099094	0.052510	-0.078352	-0.047932	0.086882	0.105668	0.081340	0.080901	0.080054	0.067456	0.084283	0.090460	0.068860	0.051546	-0.035880	0.100485	0.113180	-0.075808	-0.081114	0.074416	0.101324	-0.089698	0.093818	-0.062428	-0.069087	0.081153	0.080187	-0.083789	0.082473	
0.008007	0.097901	0.064747	0.081252	-0.056359	-0.077564	0.032204	-0.032876	0.077707	0.079886	0.003180	-0.063973	-0.079335	0.070038	-0.047018	-0.027279	0.010265	-0.065138	-0.074272	-0.020702	-0.030243	0.089318	-0.044343	0.074608	0.048027	-0.083809	-0.063115	0.052582	-0.063352	0.084675	-0.068527	-0.059889	0.086283	0.018970	-0.082095	0.075312	0.006088	0.080855	-0.068515	0.040741	-0.081349	0.008236	-0.085595	-0.076345	-0.080777	0.058507	0.069425	-0.071921	0.065536	-0.065906	
-0.090724	0.022868	0.001010	0.008456	0.033395	0.059423	0.036131	-0.067563	-0.047953	0.064732	-0.057905	-0.082077	0.038695	-0.048473	-0.000470	-0.053745	-0.054981	0.060160	-0.020738	-0.030006	0.031150	-0.061713	0.061998	-0.061770	0.056081	0.069070	-0.086912	-0.062706	-0.087759	-0.004198	-0.060249	-0.072816	-0.010711	-0.047265	-0.001374	0.042460	0.066601	-0.099271	0.063471	-0.057474	-0.057099	-0.048686	0.049744	0.077200	-0.015493	-0.070769	-0.005989	0.076021	-0.064497	-0.065269	
0.074105	0.021186	-0.084450	-0.085140	-0.000386	0.084863	-0.066492	0.042846	0.043747	0.054813	0.090515	-0.072432	0.035892	-0.009623	0.083788	-0.080860	0.028501	-0.057667	-0.055736	-0.087302	-0.036527	-0.048642	0.078656	-0.070246	0.094190	-0.054777	0.057938	-0.013176	-0.046742	0.073388	-0.074489	0.069551	-0.077732	0.067159	0.035808	-0.058570	-0.049512	0.076530	0.064951	0.045320	-0.077630	-0.092920	0.042753	-0.092089	-0.068007	0.071726	-0.073484	-0.078542	0.028808	0.082427	
-0.036603	0.057688	0.012012	-0.029599	-0.029894	-0.019140	-0.029069	0.001849	-0.006058	-0.016073	0.032040	0.001036	-0.045440	-0.045968	0.045275	0.057649	0.033969	0.000946	0.002753	0.035614	-0.006073	-0.043945	-0.001502	-0.061301	0.029329	0.006645	-0.012754	-0.015018	-0.004501	-0.051238	0.015824	0.003634	0.002605	-0.042500	-0.059348	-0.040596	0.015733	-0.020548	-0.011405	0.005507	0.021638	-0.019842	-0.049495	0.047206	0.026475	-0.015053	0.017494	-0.021321	-0.013953	-0.050492	
-0.134707	0.007298	-0.144729	-0.115253	-0.161090	0.151259	0.154607	0.134229	0.122006	-0.146949	-0.152562	0.107973	0.124200	-0.117392	0.148181	-0.156862	-0.120910	-0.145518	0.131842	-0.175606	0.148086	-0.144530	-0.148030	0.131121	0.152828	-0.150565	0.152004	0.156756	-0.124281	-0.148807	-0.158739	0.136804	-0.157645	-0.138774	0.104220	0.123845	-0.128771	-0.126840	0.131491	-0.146813	0.130941	0.157781	-0.130593	0.131450	0.128875	0.143044	-0.120023	-0.124401	-0.155196	0.143471	
-0.124437	0.141474	-0.143573	0.123777	0.143235	0.153152	0.148543	-0.139025	0.152692	0.108853	-0.160118	-0.155939	0.132018	0.157286	-0.165169	-0.123057	0.117024	-0.155518	0.117809	-0.119921	0.143255	0.150999	0.166674	0.170407	-0.122464	-0.122187	-0.157124	-0.140141	-0.153105	0.154718	-0.104460	-0.144829	0.083859	-0.168617	-0.120458	-0.153035	0.106987	-0.128359	0.137052	0.130410	-0.153856	-0.132848	0.140639	-0.165613	0.132229	0.085201	0.163029	0.152697	0.152615	-0.125860	
-0.148654	-0.157923	-0.149423	0.153440	-0.090643	0.132786	-0.160618	-0.086637	-0.138819	-0.154339	0.158692	0.130636	-0.169517	-0.146464	-0.143958	0.159875	-0.146179	0.124510	0.094614	-0.131790	-0.154766	-0.124204	0.142503	0.095411	-0.156104	-0.163236	-0.145297	-0.140058	0.122709	0.115621	0.127193	-0.147333	-0.115426	-0.128682	-0.115619	-0.134787	-0.140042	-0.142513	-0.147217	0.154762	0.160895	-0.145059	0.152077	0.119308	-0.132766	0.152639	0.159087	-0.153329	0.153787	-0.102180	
-0.069435	0.059120	0.040577	-0.000856	0.071503	0.071703	-0.071702	-0.079193	-0.012701	0.067459	0.063552	0.023139	0.061545	-0.077401	-0.020683	0.060091	-0.081169	-0.035837	-0.052526	0.037781	-0.079600	0.062631	0.021745	0.007879	0.053162	-0.052332	-0.061748	0.073726	0.042167	-0.071358	-0.060630	0.070416	-0.059293	0.037374	-0.045430	0.068666	-0.020508	-0.053784	0.035351	0.076562	0.059117	-0.041487	-0.035880	0.048791	0.047800	0.057334	-0.072427	0.050643	-0.070031	-0.035405	
0.087112	-0.092450	-0.056006	-0.029534	-0.093302	0.084957	-0.068294	-0.076971	0.097916	0.053652	-0.087264	-0.065302	-0.071719	0.024372	0.002132	-0.033111	-0.065615	0.083831	-0.079797	-0.076213	-0.079202	0.002164	0.073450	-0.101329	0.073894	0.073030	0.046893	-0.075079	0.088934	-0.069481	-0.079764	0.092796	-0.098511	0.016876	-0.083497	-0.068997	0.091229	-0.086710	-0.091173	-0.058535	-0.034060	0.071911	-0.030707	-0.090277	0.065292	0.041904	-0.049545	-0.042292	-0.108180	0.083027	
0.008505	-0.000249	-0.000665	0.000415	0.000565	-0.008139	-0.029633	-0.048735	0.005975	-0.000594	0.003354	0.002617	0.040251	-0.003994	0.001086	-0.001459	0.001570	-0.000154	-0.002529	-0.000682	0.003875	0.001227	-0.003441	0.000410	-0.032992	0.002449	0.000272	0.003278	0.001312	0.004141	0.002690	-0.005291	-0.001975	0.001261	0.002471	0.002230	-0.002112	0.003545	-0.004164	-0.002330	0.026545	0.003006	0.001237	0.001270	0.008171	-0.002016	-0.002128	-0.000359	0.002214	0.000450	
-0.076276	0.074026	0.080784	-0.075773	-0.061890	-0.047715	0.076140	-0.048366	0.070951	0.080848	0.031773	0.080217	-0.078346	-0.071707	-0.046887	-0.083785	0.031859	-0.011159	-0.063224	0.040318	-0.049927	0.080961	0.075238	-0.073002	-0.049887	0.021272	0.048832	0.057175	-0.083477	0.033614	-0.046950	-0.074678	0.028746	-0.073696	0.075721	0.076934	-0.054132	-0.000000	0.073427	0.043475	0.060154	0.062855	-0.036953	0.069350	0.079339	0.060782	0.080052	-0.044367	-0.086593	0.042812	
-0.003682	-0.009466	-0.052981	-0.064343	0.011292	-0.036736	-0.019509	0.025401	0.019620	-0.032818	0.031723	-0.053670	0.033944	0.054170	-0.016793	0.048062	0.049265	0.034718	0.074406	0.028489	0.029834	0.065902	-0.053592	-0.023106	0.033182	-0.072551	0.007181	-0.003986	-0.016697	-0.028879	-0.053913	-0.033487	-0.018125	0.045151	0.042328	0.046013	-0.062371	0.031591	0.043600	0.024232	-0.074025	-0.055631	-0.037217	0.067082	-0.023581	-0.057535	-0.026903	0.005120	-0.037725	-0.045910	
-0.004643	-0.085981	0.003397	0.138841	-0.018984	0.011854	-0.003010	0.088564	-0.000559	-0.021797	-0.020922	0.018159	-0.004094	-0.090228	-0.006387	-0.118925	-0.003976	0.015005	0.080301	-0.063912	-0.106551	0.074393	0.007704	0.092547	0.094246	-0.094061	0.007062	0.042255	0.093074	-0.012019	0.031358	0.087759	-0.015851	0.077177	-0.095534	0.037143	-0.004209	-0.085791	0.019738	-0.019487	-0.007926	-0.010412	0.003582	0.068067	0.005468	-0.120825	-0.055431	-0.096917	-0.101879	0.005258	
0.134334	0.154156	0.146077	-0.147547	-0.135787	-0.140086	-0.116084	0.136958	-0.149782	-0.128776	-0.144929	0.141463	0.121504	-0.138170	-0.146742	-0.136231	0.136435	0.145971	0.141429	-0.132050	-0.135409	-0.137084	0.121346	0.121247	0.154061	0.163324	-0.125567	0.138243	-0.120970	-0.133612	0.145669	0.152955	-0.133163	-0.132457	-0.131097	0.131258	-0.138421	-0.136375	0.141058	0.151533	-0.149260	-0.136809	0.141076	0.142204	0.132382	0.149585	-0.137827	0.128682	-0.142860	-0.151213	
0.083855	-0.065048	-0.060016	-0.037111	0.028453	-0.071506	-0.065149	-0.061423	-0.075748	0.065023	-0.005363	0.024569	0.004686	-0.047918	-0.074037	0.050197	0.068111	-0.047819	-0.069275	-0.066964	0.056798	0.050845	0.078940	-0.085567	0.054689	0.034254	0.044291	0.039926	-0.036367	0.057484	0.068585	-0.035392	0.065333	0.061534	0.076267	-0.034011	-0.004756	0.058312	0.055492	-0.004966	-0.016183	0.023111	-0.075809	-0.055557	0.067000	-0.076555	-0.052160	-0.052877	0.078147	-0.065780	
0.033933	-0.000023	-0.084660	-0.029724	-0.031453	0.043719	0.047621	0.074722	-0.066131	-0.053718	0.043968	-0.075333	0.016882	0.039851	0.084095	0.066522	-0.080028	-0.074300	-0.052980	-0.086723	-0.076173	-0.068598	0.089561	-0.049682	-0.055273	0.077188	0.068899	-0.102445	-0.056667	-0.093044	0.077621	0.081625	-0.081652	-0.068127	0.019782	0.087693	0.054841	0.062121	-0.072232	0.059461	0.015806	0.079375	0.062855	-0.084352	0.066739	0.093757	0.078796	0.068469	-0.074262	0.059734	
-0.089923	-0.081962	0.030428	-0.081786	0.100073	0.055482	-0.028732	0.099098	-0.108051	0.102208	0.098703	0.111304	-0.086858	-0.104444	0.118188	0.002501	0.058324	-0.046733	0.072061	0.085825	-0.102234	-0.071525	0.109870	-0.002548	-0.086691	0.096582	0.091939	0.090717	-0.005005	0.075244	-0.079411	-0.019440	-0.057494	-0.033891	0.083893	-0.022369	0.040219	-0.122707	-0.051213	-0.104585	-0.070161	0.094939	0.073980	-0.063744	-0.048239	0.103076	0.093926	0.091005	-0.059958	0.089475	
-0.124148	0.004544	0.126549	0.113739	-0.138012	-0.133744	-0.135501	-0.097266	-0.110771	0.153912	0.142357	-0.066147	0.130709	-0.162710	-0.149941	-0.041927	0.154588	0.155710	0.139209	0.111552	-0.127600	0.036012	-0.138571	-0.126125	-0.133238	0.113771	0.117560	0.111340	-0.119232	0.035300	0.129507	0.137866	0.010684	-0.157362	-0.097492	-0.051490	0.127682	-0.141984	-0.127974	-0.150054	-0.138064	-0.151464	0.122025	-0.149303	-0.126520	0.143674	-0.116469	0.157049	0.151868	0.125044	
0.113509	-0.096581	-0.130758	0.135573	0.116146	0.061813	0.097084	0.104497	0.107302	-0.111123	-0.106090	-0.117895	0.099137	-0.060309	-0.060365	0.115571	-0.102451	-0.106262	-0.109649	0.128337	0.104189	-0.108253	-0.116608	0.099318	0.089087	0.104949	0.115233	-0.109164	-0.115567	-0.109858	0.124913	0.131338	-0.118756	-0.117722	-0.109709	0.122766	0.126092	0.131961	-0.096338	-0.114845	0.115773	0.079628	-0.063575	0.088372	-0.099503	-0.049535	0.139000	0.109035	0.113027	-0.115827	
0.028840	-0.000118	0.000992	-0.000939	0.000541	0.036730	-0.001290	-0.001095	0.000004	0.001325	0.001545	0.000444	-0.000017	-0.000005	-0.001097	-0.001591	0.017748	-0.043562	-0.000261	-0.001058	-0.032182	0.000733	-0.000060	-0.002492	-0.000794	-0.000810	0.012603	-0.000805	-0.000083	-0.000849	0.036828	0.000528	-0.001062	-0.001293	0.000234	0.000900	-0.000671	-0.027732	-0.001442	-0.052556	-0.002859	-0.001492	-0.000510	-0.029202	0.000759	0.001024	0.002595	0.034713	-0.001719	-0.000714	
0.143932	0.126837	0.144331	0.123678	-0.138506	-0.131249	-0.114104	0.113645	-0.130150	0.131262	0.145202	-0.139739	-0.146382	0.153553	0.160884	-0.149159	-0.108339	0.161503	-0.135811	0.157653	-0.150857	0.132393	-0.135747	0.134643	0.129831	0.130487	0.140006	0.153220	0.155803	-0.150608	-0.131674	0.156423	-0.125821	0.133099	0.155214	-0.147969	0.127585	0.148874	-0.142110	0.162034	0.130336	0.121674	-0.128130	0.131531	0.147040	-0.127824	-0.139322	-0.129801	-0.131567	0.138115	
0.053974	-0.050062	-0.091066	0.086571	0.012687	-0.069787	-0.053461	0.049018	0.073124	0.063665	-0.053825	0.066045	0.085224	-0.078236	-0.055366	-0.072803	-0.006050	0.006019	0.039505	0.049156	-0.041527	-0.068399	-0.052928	-0.089568	-0.064511	0.004266	-0.013336	-0.069760	-0.075383	0.069860	-0.072022	0.004604	0.069323	0.055670	0.008498	-0.061085	0.083619	0.078952	-0.007217	-0.079831	-0.009759	-0.024149	-0.040351	0.055786	-0.022133	-0.067389	-0.067028	0.043681	-0.075332	-0.081960	
0.118186	-0.124794	0.131756	-0.121973	-0.163934	-0.134886	-0.129117	0.145958	0.097521	0.148354	-0.134919	-0.145578	0.138013	-0.149978	-0.087765	-0.128069	0.119605	-0.113543	-0.108661	0.134497	0.115824	0.140286	0.126034	0.112474	0.129494	0.138118	0.123099	0.099921	-0.137354	0.121663	0.140122	-0.127293	0.154550	0.140736	0.120881	0.129089	-0.127898	0.127320	-0.103528	0.135214	0.127324	-0.157877	-0.094211	-0.157336	0.150266	0.112635	0.095920	0.116380	-0.108148	-0.123544	
-0.084220	-0.087108	0.045714	0.131032	0.088201	0.077187	-0.069639	-0.028826	0.070993	-0.098410	-0.088556	-0.092092	0.126616	-0.055565	0.050365	-0.103887	-0.105354	-0.109052	-0.086263	-0.066992	0.095655	0.083430	0.086135	-0.104821	0.118773	-0.105972	-0.078565	0.099317	0.085515	-0.092726	-0.085819	0.072978	-0.101577	-0.093406	-0.115007	0.089606	-0.084159	-0.099552	0.090664	-0.086515	-0.095579	-0.098113	-0.045323	-0.003718	0.112941	-0.042455	-0.040921	-0.096227	-0.112834	0.115270	
0.093579	-0.061936	0.039072	-0.084630	0.070887	0.077054	0.072149	-0.028372	0.069329	-0.078881	0.045304	-0.041119	0.085252	-0.082588	-0.053955	-0.011163	0.030402	-0.084679	0.073259	-0.073699	0.069935	0.066172	-0.036160	0.085669	-0.011008	0.067263	-0.088335	-0.060554	-0.086633	0.038397	0.079504	-0.039177	0.011983	-0.072767	0.025473	0.050821	-0.049283	0.074266	0.089184	0.072739	-0.015049	-0.082846	0.060675	-0.073301	-0.068511	-0.048400	-0.026289	-0.077142	-0.026258	0.098265	
-0.089495	-0.055683	-0.002243	-0.000772	-0.003880	0.011301	-0.001114	-0.003749	-0.058427	0.044238	0.003077	-0.030433	-0.052988	-0.014820	-0.027071	0.052312	-0.074045	-0.000133	0.005079	0.001221	0.068804	-0.004805	0.000615	0.038526	0.002919	0.001802	-0.003641	-0.000481	-0.044778	0.000922	0.032392	0.000871	-0.023552	0.000842	0.000313	-0.045729	-0.001441	-0.001964	0.000370	0.009342	-0.004745	0.000970	0.001783	-0.000829	0.001080	0.059806	0.001184	-0.071748	-0.000015	0.051417	
0.143636	0.010733	-0.098128	-0.060471	-0.000839	0.139896	0.010940	-0.074114	0.136294	-0.065304	0.128209	0.126123	0.110617	-0.129072	0.134176	0.011949	-0.137428	0.000098	-0.102086	0.139594	0.129344	0.162257	0.138482	0.148895	-0.094629	-0.138579	-0.085897	0.132894	-0.152998	-0.093929	0.075152	0.004837	-0.126651	-0.124482	0.129434	-0.145911	0.129403	-0.140015	-0.128276	-0.008992	0.020888	-0.015487	0.137683	0.131859	-0.149075	-0.133591	-0.123102	-0.012388	-0.133456	0.004405	
-0.032379	0.019652	-0.094189	0.099806	0.091558	-0.049292	-0.081236	0.076256	0.094754	0.090630	-0.075110	0.041135	0.074612	-0.040978	0.039970	0.042719	0.016903	0.085059	0.078996	-0.032877	-0.101976	-0.029035	-0.070167	0.044109	0.002328	0.045819	0.091223	0.070761	-0.011359	0.024074	0.098848	-0.057617	-0.047275	0.094914	-0.048981	-0.041706	0.047246	0.098327	0.089225	0.094665	0.066585	-0.061718	-0.078926	0.071662	-0.068983	-0.086581	-0.083404	0.091578	0.032829	0.008192	
0.062166	0.108850	0.098253	-0.000104	0.001630	-0.099142	-0.096598	-0.104052	-0.085055	0.054837	0.000992	-0.000307	-0.112356	-0.091630	-0.000789	0.098057	-0.001754	-0.001393	0.000859	-0.094060	0.095874	0.119797	0.100045	-0.098518	0.107947	0.001994	0.000098	0.081446	-0.096082	0.120391	0.105097	-0.116777	0.000227	0.095866	0.001750	0.001201	-0.002084	0.001113	0.001220	0.108029	0.068044	0.100396	-0.001936	0.104972	0.095537	-0.090594	0.065446	0.002303	0.063704	0.101720	
0.128447	-0.156686	-0.127933	0.121328	-0.115699	0.108583	0.140803	-0.120566	-0.126567	0.124536	0.131002	0.143853	-0.141480	0.131344	0.121971	0.119950	-0.132632	-0.112118	0.133960	-0.138879	0.129558	0.101471	0.122212	0.116975	0.137933	-0.114848	0.125554	0.127987	0.128244	0.129801	-0.126401	-0.130139	0.107276	-0.112869	0.153136	0.134023	-0.128623	0.103877	0.137636	-0.126408	-0.128610	-0.136447	0.127450	-0.137685	-0.120890	-0.137758	0.122609	-0.137725	-0.133431	-0.130330	
0.146334	-0.088242	0.141550	0.137121	-0.139060	0.150788	0.148676	-0.139999	0.140752	0.138487	-0.151432	-0.078926	0.139697	-0.155047	-0.143786	0.141929	0.145267	0.158201	0.140254	0.150317	-0.144106	0.129441	0.146932	-0.137846	0.085994	-0.150958	0.139087	-0.151490	0.143972	-0.135343	0.141073	-0.140721	-0.121269	0.141799	-0.155167	-0.143304	0.143477	0.141078	0.134655	0.149469	0.147888	0.157448	0.141578	0.146817	-0.137517	0.148603	0.149683	0.141359	-0.151776	0.150122	
-0.030106	-0.008532	-0.017202	-0.003410	0.009573	-0.023989	-0.015226	0.009377	-0.018247	-0.011361	-0.032682	-0.012450	0.029169	-0.004218	0.016462	-0.050737	0.032490	-0.010571	0.019054	0.009370	-0.008829	-0.002357	0.019424	-0.020402	-0.001337	0.015812	0.012217	0.017305	0.012957	-0.016140	-0.009655	0.012034	-0.023460	0.017429	-0.021785	-0.020453	0.002399	0.005242	0.048421	-0.046800	0.007498	-0.021012	-0.028623	-0.015748	0.014318	0.010774	0.026080	0.001502	-0.048850	0.020787	
0.022657	0.053208	0.065854	-0.046313	-0.012024	0.037564	0.062848	0.062900	0.009641	0.033280	-0.061809	-0.071923	0.046291	-0.026818	-0.086503	-0.007919	-0.050782	-0.055205	-0.029658	-0.051607	-0.055972	0.085614	-0.049647	-0.057461	0.044969	0.052158	0.019332	0.027166	0.069176	0.011007	-0.003779	0.044347	0.029895	-0.042365	0.071544	0.047045	0.005487	-0.039739	0.038894	-0.015133	0.027488	-0.057598	-0.066241	0.023404	0.054516	-0.042924	0.064556	-0.011813	0.076402	0.049886	
0.099378	-0.101645	-0.104155	-0.102898	0.074813	0.073815	-0.130868	0.107749	0.087246	-0.092458	-0.094416	-0.074998	-0.098838	-0.104030	-0.102241	-0.072261	-0.094048	-0.113976	0.108893	0.102162	-0.070588	0.096738	0.108984	0.086053	0.094955	-0.091628	0.086983	0.097455	0.097089	0.096883	0.019817	0.099462	0.092479	0.122410	0.103065	-0.099225	0.117182	0.108120	0.091606	-0.031663	0.108650	0.100009	-0.109064	-0.088768	-0.106673	0.090176	0.105736	-0.103666	-0.100263	0.098309	
0.165643	0.169861	-0.130660	0.139746	-0.123871	0.108402	0.163881	-0.161877	0.128571	0.141573	0.157159	0.137079	-0.119001	0.127318	0.167388	-0.142382	0.166813	-0.122822	0.164458	-0.119945	0.128918	-0.130101	0.128041	-0.131205	-0.112804	0.134078	-0.166392	-0.137936	-0.155628	-0.164276	0.164294	0.157999	-0.154201	-0.140248	-0.121400	0.118184	-0.132553	0.167588	-0.143644	0.149242	0.111078	-0.138970	-0.157502	-0.129907	0.125513	-0.155960	-0.132517	0.122852	0.008683	-0.137144	
-0.028841	0.027752	0.013115	-0.012140	-0.034158	0.036517	-0.011743	-0.017441	-0.023892	0.030677	-0.004585	-0.053275	-0.043083	0.049176	0.050058	-0.038831	-0.020049	0.009468	0.025021	-0.040343	-0.044229	-0.030983	-0.033382	-0.024093	-0.026780	-0.056559	-0.034390	-0.060623	-0.002535	0.039305	-0.034758	0.018953	0.024669	0.051875	0.030436	-0.051030	-0.010707	0.013369	0.019027	-0.025190	-0.004615	0.013989	-0.004351	0.050753	0.022067	-0.039305	-0.034729	-0.020117	0.049116	-0.052926	
0.113488	0.090848	-0.092858	0.096789	-0.097262	-0.105014	0.105944	-0.114952	0.130134	-0.099450	0.121610	0.105309	0.106594	-0.107436	0.115787	-0.114866	0.098695	-0.102998	0.104967	-0.030869	0.094346	0.111123	-0.093275	0.121114	0.103521	0.096776	0.111476	0.107045	-0.101516	-0.003949	-0.116078	0.114031	0.113842	-0.078578	-0.110763	0.072588	-0.108913	0.097277	0.095956	-0.080127	0.113075	0.089493	-0.094019	0.120847	-0.113786	0.109031	-0.082086	0.108439	-0.115966	0.117863	
-0.061130	-0.011875	-0.016872	0.054086	0.058314	-0.008023	-0.014206	-0.018909	0.004791	-0.054998	0.063664	-0.056745	0.041472	-0.062645	0.070533	-0.019472	-0.063987	0.005893	0.063078	-0.003432	-0.070324	0.047817	0.016332	-0.028730	0.002239	0.014011	-0.042238	0.071751	0.019129	0.034617	0.041094	-0.059485	-0.005087	-0.060269	0.045276	-0.047884	-0.025703	0.033699	-0.048841	-0.030402	0.024739	0.030676	0.000834	-0.071143	-0.075253	0.023857	-0.059224	0.063359	0.004161	-0.052038	
0.150377	0.140854	0.129301	-0.129124	0.154317	0.128144	0.129303	-0.131106	0.143861	0.143729	0.060810	0.161274	-0.038975	-0.138945	0.143410	-0.150185	-0.165559	-0.166970	0.124409	-0.158937	-0.139365	0.067526	-0.128291	-0.129168	-0.124289	-0.054746	-0.154950	-0.142978	0.132927	0.043039	-0.146067	-0.116301	0.032360	-0.154391	0.149045	0.132174	-0.131648	-0.151541	-0.138410	-0.134386	-0.137979	-0.153305	0.145564	-0.155692	-0.146905	-0.136139	-0.058580	-0.136218	0.139111	-0.132949	
0.119421	0.122865	-0.099080	0.121333	-0.109279	-0.090927	0.112373	-0.128884	-0.122651	-0.106537	-0.099161	0.144583	-0.121651	-0.117391	0.119924	-0.112870	-0.105038	-0.122952	-0.107071	0.111482	-0.108931	0.114100	0.105602	-0.126238	0.094391	-0.118928	0.138363	0.125920	-0.101915	0.096617	0.105295	0.092701	0.112661	0.126580	-0.116619	0.094852	0.114018	-0.119199	0.092498	-0.108497	0.114656	-0.115800	-0.105975	0.140009	-0.111100	-0.117333	-0.105525	-0.083328	0.109701	0.107721	
0.145519	0.140327	-0.148417	-0.128441	-0.140473	0.119589	0.127826	-0.118067	0.132865	0.139285	-0.129236	0.137064	-0.145621	0.122459	0.129093	0.144492	0.140108	-0.140538	0.152362	0.147723	-0.133264	0.141441	-0.133923	-0.122503	0.120626	0.134149	-0.128174	-0.144925	-0.135446	-0.129673	-0.145183	0.137314	-0.010130	0.138399	0.126980	-0.116954	-0.134330	0.102825	-0.147370	0.145603	0.141931	-0.137366	-0.139073	0.069804	-0.127846	0.158208	-0.131119	-0.150590	-0.113834	-0.127370	
